correctness: ok

size   | warm ns/q:  linear  binary  simd   intel  intels | cold ns/q:  linear  binary  simd   intel  intels
-------+------------------------------------------------+------------------------------------------------
    8  |     3.2    13.9    2.8    2.5    2.5              |     7.5    16.8    7.7    2.7    2.5
   16  |     4.2    17.5    3.3    2.5    2.5              |     9.3    21.1    3.2    2.5    2.5
   32  |     6.6    21.6    3.1    3.1    3.9              |    11.5    26.0    3.2    3.0    3.9
   64  |    12.3    26.5    4.9    3.2    4.0              |    16.0    30.8    4.9    3.2    3.9
  128  |    24.5    32.1   10.4    5.0    4.4              |    22.5    37.0   11.1    5.3    4.9
  256  |    44.3    37.8    7.5   10.4   10.0              |    39.1    44.7   14.4   14.8   12.4
  512  |    84.5    43.1   14.8    8.1    6.4              |    75.7    60.8   33.0   28.2   16.2
 1024  |   174.7    48.0   10.1   15.8   14.4              |   143.1    80.1   45.7   41.1   24.0
 2048  |   331.0    52.9   18.6   11.6    8.9              |   262.3    98.2   56.4   50.0   26.8
 4096  |   636.0    57.8   13.7   20.0   17.5              |   492.4   119.9   72.4   67.6   36.7
