correctness: ok

size   | warm ns/q:  linear  binary  simd   intel  intels | cold ns/q:  linear  binary  simd   intel  intels
-------+------------------------------------------------+------------------------------------------------
    8  |     3.2    13.9    2.8    2.5    2.5              |     7.7    16.8    8.1    2.5    2.6
   16  |     4.2    17.5    3.3    2.5    2.5              |     9.3    21.3    3.2    2.5    2.6
   32  |     6.6    21.7    3.1    3.1    3.9              |    11.5    26.0    3.3    3.0    3.7
   64  |    12.2    26.5    4.9    3.2    4.0              |    16.2    31.0    4.9    3.2    3.9
  128  |    24.5    32.1   10.4    5.0    4.4              |    24.2    37.2   12.0    6.0    5.8
  256  |    44.2    37.8    7.5   10.4   10.0              |    57.8    51.8   27.6   23.7   19.3
  512  |    84.2    43.1   14.9    8.1    6.5              |    85.3    75.3   49.0   43.4   22.3
 1024  |   174.8    48.0   10.1   15.7   14.3              |   161.0   107.3   71.6   61.7   31.5
 2048  |   334.0    52.9   18.6   11.5    9.0              |   264.3   102.1   59.1   52.7   27.6
 4096  |   646.0    57.8   13.7   20.0   17.6              |   495.3   125.1   75.8   70.0   37.8
