correctness: ok

size   | warm ns/q:  linear  binary  simd   intel  intels | cold ns/q:  linear  binary  simd   intel  intels
-------+------------------------------------------------+------------------------------------------------
    8  |     3.0    13.9    2.8    2.5    2.5              |     7.5    16.8    7.8    2.5    2.5
   16  |     4.1    17.5    3.3    2.5    2.5              |     9.3    20.9    3.1    2.5    2.5
   32  |     6.6    21.6    3.1    3.1    4.0              |    11.6    25.8    3.3    3.0    3.8
   64  |    12.2    26.5    4.9    3.2    4.0              |    15.9    30.9    4.8    3.2    3.9
  128  |    24.5    32.1   10.4    5.0    4.4              |    22.5    36.8   10.9    5.3    5.1
  256  |    44.4    37.8    7.5   10.4   10.0              |    39.3    44.8   14.8   14.8   12.7
  512  |    84.5    43.0   14.9    8.1    6.4              |    82.1    63.6   38.2   33.0   17.1
 1024  |   175.0    48.0   10.1   15.8   14.5              |   140.3    79.2   45.2   40.6   23.3
 2048  |   331.5    52.9   18.6   11.5    9.0              |   262.4    99.2   56.4   50.2   26.4
 4096  |   635.6    57.8   13.7   20.0   17.5              |   492.9   120.9   72.0   68.1   37.6
