correctness: ok

size   | warm ns/q:  linear  binary  simd   intel  intels | cold ns/q:  linear  binary  simd   intel  intels
-------+------------------------------------------------+------------------------------------------------
    8  |     2.9    13.8    2.9    2.5    2.5              |     7.8    17.1    7.8    2.6    2.5
   16  |     4.2    17.5    3.3    2.5    2.5              |     9.9    21.9    3.2    2.5    2.5
   32  |     6.6    21.6    3.1    3.1    3.9              |    12.4    27.0    3.3    3.1    3.9
   64  |    12.3    26.5    4.8    3.2    4.0              |    17.0    32.6    5.2    3.3    4.1
  128  |    24.4    32.1   10.4    5.0    4.3              |    22.5    37.5   11.1    5.6    5.1
  256  |    44.4    37.8    7.5   10.4   10.0              |    38.8    45.0   14.3   14.5   12.4
  512  |    84.4    43.0   14.8    8.1    6.4              |    74.7    61.2   32.9   27.5   16.1
 1024  |   174.8    48.0   10.0   15.8   14.3              |   140.8    80.1   45.7   41.1   23.5
 2048  |   331.2    52.9   18.6   11.6    9.0              |   263.8    99.6   57.4   50.9   26.7
 4096  |   635.3    57.8   13.7   19.9   17.6              |   494.0   122.0   73.0   68.0   36.5
