correctness: ok

size   | warm ns/q:  linear  binary  simd   intel  intels | cold ns/q:  linear  binary  simd   intel  intels
-------+------------------------------------------------+------------------------------------------------
    8  |     3.1    13.9    2.8    2.5    2.5              |     7.9    17.3    8.3    2.5    2.5
   16  |     4.1    17.5    3.3    2.5    2.5              |     9.8    22.0    3.2    2.5    2.5
   32  |     6.6    21.7    3.1    3.1    3.9              |    11.5    25.6    3.2    3.0    3.7
   64  |    12.3    26.7    4.9    3.2    4.0              |    16.0    31.1    4.8    3.2    3.9
  128  |    24.5    32.1   10.4    5.1    4.4              |    22.5    36.9   11.0    5.3    4.9
  256  |    44.5    37.8    7.5   10.4   10.0              |    39.1    44.7   14.3   14.6   12.4
  512  |    84.7    43.1   14.9    8.1    6.4              |    96.7    68.0   47.1   41.7   17.7
 1024  |   174.8    48.1   10.1   15.9   14.3              |   141.1    80.4   46.0   41.5   24.3
 2048  |   331.5    52.9   18.5   11.5    9.0              |   263.0   100.4   57.8   51.6   27.0
 4096  |   636.1    58.0   13.7   20.1   17.6              |   493.6   121.9   74.0   71.4   37.3
