correctness: ok

size   | warm ns/q: g32    g32s   g64    g64s | cold ns/q: g32    g32s   g64    g64s
-------+--------------------------------------+--------------------------------------
    8  |    2.5    2.5    2.5    2.5             |    2.5    2.6    2.7    2.5
   16  |    2.5    2.5    2.5    2.5             |    2.5    2.5    2.5    2.5
   32  |    3.2    3.5    2.5    2.5             |    3.0    3.5    2.5    2.5
   64  |    3.2    3.8    3.0    4.0             |    3.3    3.7    3.2    3.9
  128  |    4.7    4.4    3.4    4.1             |    7.2    7.4    4.8    5.3
  256  |   10.4   10.2    5.0    4.5             |   24.7   18.6   18.0   15.0
  512  |    7.6    6.4   11.1   10.6             |   35.6   22.6   26.3   18.7
 1024  |   15.8   14.6    7.9    6.7             |   47.0   26.0   38.4   20.2
 2048  |   10.1    9.0   15.6   14.8             |   51.2   27.1   44.2   26.4
 4096  |   19.4   17.8   10.4    9.4             |   70.6   39.9   58.8   30.5
