correctness: ok

size   | warm ns/q: g32    g32s   g64    g64s | cold ns/q: g32    g32s   g64    g64s
-------+--------------------------------------+--------------------------------------
    8  |    2.5    2.5    2.5    2.5             |    2.5    2.5    2.5    2.5
   16  |    2.5    2.5    2.5    2.5             |    2.5    2.5    2.5    2.5
   32  |    3.2    3.6    2.5    2.5             |    3.2    3.4    2.5    2.5
   64  |    3.3    3.7    3.1    4.0             |    3.2    3.7    3.2    3.9
  128  |    4.8    4.4    3.4    4.1             |    6.3    6.6    4.5    4.6
  256  |   10.4   10.2    4.9    4.5             |   20.4   15.8   15.3   12.7
  512  |    7.6    6.4   10.9   10.7             |   38.5   23.9   28.2   20.4
 1024  |   15.5   14.6    8.0    6.7             |   53.5   31.9   45.3   27.7
 2048  |   10.0    9.0   15.9   15.9             |   72.3   36.6   59.8   33.6
 4096  |   20.0   17.8   10.5    9.3             |   92.3   49.8   80.5   39.9
