correctness: ok

size   | warm ns/q: g32    g32s   g64    g64s | cold ns/q: g32    g32s   g64    g64s
-------+--------------------------------------+--------------------------------------
    8  |    2.5    2.5    2.5    2.5             |    2.5    2.5    3.0    2.5
   16  |    2.5    2.5    2.5    2.5             |    2.5    2.5    2.5    2.5
   32  |    3.1    3.7    2.5    2.5             |    3.1    3.5    2.5    2.5
   64  |    3.2    3.8    3.0    4.0             |    3.4    3.7    3.4    3.9
  128  |    4.7    4.4    3.4    4.1             |    6.4    6.9    4.1    4.2
  256  |   10.3   10.3    4.9    4.6             |   33.3   24.8   28.6   20.4
  512  |    7.6    6.4   11.0   10.8             |   53.6   26.8   36.7   22.7
 1024  |   15.5   14.6    7.9    6.7             |   53.5   28.6   43.2   23.3
 2048  |   10.1    9.0   15.5   14.8             |   73.1   37.8   61.1   34.3
 4096  |   19.4   17.9   10.5    9.3             |   96.4   51.5   84.3   41.7
