correctness: ok

size   | warm ns/q: g32    g32s   g64    g64s | cold ns/q: g32    g32s   g64    g64s
-------+--------------------------------------+--------------------------------------
    8  |    2.5    2.5    2.5    2.5             |    2.5    2.7    3.0    2.5
   16  |    2.5    2.5    2.5    2.5             |    2.5    2.5    2.5    2.5
   32  |    3.1    3.7    2.5    2.5             |    3.1    3.5    2.5    2.5
   64  |    3.2    3.7    3.0    4.0             |    3.4    3.7    3.3    3.9
  128  |    4.7    4.4    3.4    4.1             |    7.3    6.8    4.4    4.5
  256  |   10.3   10.3    4.9    4.6             |   20.8   16.3   14.8   11.1
  512  |    7.6    6.4   11.0   10.7             |   25.8   17.2   20.6   16.3
 1024  |   15.7   14.6    7.9    6.7             |   42.8   25.1   35.4   20.5
 2048  |   10.0    9.0   15.6   14.7             |   49.1   26.1   42.3   24.9
 4096  |   19.6   17.8   10.4    9.4             |   66.3   36.1   54.9   28.9
