correctness: ok

size   | warm ns/q: g32    g32s   g64    g64s | cold ns/q: g32    g32s   g64    g64s
-------+--------------------------------------+--------------------------------------
    8  |    2.5    2.5    2.5    2.5             |    3.6    3.6    3.0    2.7
   16  |    2.5    2.5    2.5    2.5             |    2.8    3.0    2.5    2.5
   32  |    3.2    3.6    2.5    2.5             |    3.0    3.7    2.5    2.5
   64  |    3.3    3.7    3.0    4.0             |    7.0    4.2    3.9    4.0
  128  |    4.7    4.5    3.4    4.1             |    7.8    6.6    4.3    4.4
  256  |   10.4   10.4    5.5    4.7             |   17.8   13.7   11.6    9.7
  512  |    7.7    6.5   11.0   10.5             |   28.6   18.0   22.0   16.1
 1024  |   15.5   14.6    7.9    7.0             |   45.3   25.4   36.2   22.0
 2048  |   10.1    9.1   15.5   14.5             |   49.2   26.6   43.5   25.7
 4096  |   19.6   17.9   10.6    9.3             |   68.8   37.7   56.3   29.3
