correctness: ok

size   | warm ns/q:  linear  binary  simd   intel  intels | cold ns/q:  linear  binary  simd   intel  intels
-------+------------------------------------------------+------------------------------------------------
    8  |     3.0    13.8    2.8    2.5    2.5              |     7.8    17.0    8.1    2.5    2.6
   16  |     4.2    17.5    3.3    2.5    2.5              |     9.4    21.3    3.2    2.5    2.5
   32  |     6.6    21.6    3.1    3.1    3.5              |    11.5    25.9    3.2    3.0    4.0
   64  |    12.2    26.5    4.9    3.2    3.7              |    15.9    30.8    4.9    3.2    3.6
  128  |    24.5    32.1   10.4    4.7    4.3              |    22.4    36.7   11.0    5.1    4.8
  256  |    44.6    37.8    7.5   10.2   10.1              |    55.5    51.4   27.4   22.5   18.8
  512  |    84.5    43.1   14.9    7.6    6.4              |    79.4    68.5   41.9   34.8   19.8
 1024  |   175.4    48.1   10.1   15.2   14.4              |   219.5   108.0   94.2   77.6   41.1
 2048  |   331.4    53.0   18.6   10.0    9.0              |   275.9   117.9   73.5   63.9   33.3
 4096  |   636.5    57.9   13.8   19.3   17.8              |   500.1   130.3   85.5   76.1   40.9
