correctness: ok

size   | warm ns/q:  linear  binary  simd   intel  intels | cold ns/q:  linear  binary  simd   intel  intels
-------+------------------------------------------------+------------------------------------------------
    8  |     2.9    13.9    3.0    2.5    2.5              |     7.9    17.5    7.9    2.5    2.6
   16  |     4.1    17.5    3.3    2.5    2.5              |     9.7    21.9    3.2    2.5    2.5
   32  |     6.6    21.7    3.1    3.1    3.5              |    12.5    26.9    3.4    3.2    3.5
   64  |    12.3    26.5    4.9    3.2    3.7              |    15.8    30.6    4.9    3.2    3.6
  128  |    24.5    32.1   10.4    4.7    4.4              |    22.5    37.1   11.3    5.1    4.8
  256  |    44.4    37.8    7.5   10.2   10.1              |    39.2    46.1   14.1   14.2   12.5
  512  |    84.9    43.1   14.9    7.6    6.4              |    74.7    62.4   33.9   26.9   16.1
 1024  |   174.6    48.0   10.1   15.3   14.3              |   155.4    84.7   54.6   46.3   26.2
 2048  |   331.5    52.9   18.6    9.9    9.0              |   266.0   104.6   59.9   51.0   27.1
 4096  |   636.4    57.8   13.7   19.2   17.7              |   494.8   126.0   75.8   68.6   37.2
