correctness: ok

size   | warm ns/q:  linear  binary  simd   intel  intels | cold ns/q:  linear  binary  simd   intel  intels
-------+------------------------------------------------+------------------------------------------------
    8  |     3.1    13.9    2.8    2.5    2.5              |     7.9    17.4    7.9    2.5    2.6
   16  |     4.1    17.5    3.3    2.5    2.5              |     9.9    21.5    3.2    2.5    2.5
   32  |     6.6    21.6    3.1    3.1    3.5              |    12.5    27.1    3.3    3.1    3.5
   64  |    12.2    26.5    4.9    3.3    3.7              |    15.7    30.9    4.9    3.5    3.7
  128  |    24.5    32.1   10.3    4.7    4.3              |    23.1    37.0   12.3    6.3    5.8
  256  |    44.8    37.8    7.5   10.3   10.1              |    42.4    45.0   14.5   14.1   12.5
  512  |    84.7    43.1   14.8    7.6    6.5              |    97.0    67.5   47.9   39.0   18.6
 1024  |   174.8    48.0   10.1   15.2   14.4              |   143.4    77.5   45.4   39.2   23.8
 2048  |   331.0    53.0   18.6   10.0    9.0              |   261.6    97.1   56.7   47.3   25.7
 4096  |   636.1    57.8   13.7   19.2   17.7              |   491.7   118.1   71.6   66.6   35.8
