correctness: ok

size   | warm ns/q:  linear  binary  simd   intel  intels | cold ns/q:  linear  binary  simd   intel  intels
-------+------------------------------------------------+------------------------------------------------
    8  |     2.9    13.9    3.0    2.5    2.5              |     7.8    17.5    8.4    2.5    2.7
   16  |     4.1    17.5    3.3    2.5    2.5              |     9.4    21.1    3.1    2.5    2.5
   32  |     6.6    21.7    3.1    3.2    3.4              |    11.6    25.3    3.2    3.0    3.2
   64  |    12.2    26.5    4.8    3.3    3.8              |    15.6    31.1    4.9    3.3    3.7
  128  |    24.5    32.1   10.4    4.7    4.4              |    23.6    38.4   12.1    6.3    5.6
  256  |    44.5    37.8    7.5   10.3   10.1              |    39.0    44.7   14.7   14.8   12.6
  512  |    85.0    43.1   14.9    7.7    6.4              |    74.2    61.1   32.4   25.8   16.0
 1024  |   175.0    48.0   10.1   15.2   14.3              |   140.8    80.5   46.2   39.2   24.6
 2048  |   331.8    52.9   18.6   10.0    9.0              |   276.5   101.4   63.9   54.1   28.2
 4096  |   636.6    57.8   13.7   19.2   17.7              |   494.5   121.0   74.0   67.0   36.6
