correctness: ok

size   | warm ns/q:  linear  binary  simd   intel  intels | cold ns/q:  linear  binary  simd   intel  intels
-------+------------------------------------------------+------------------------------------------------
    8  |     2.9    13.9    2.8    2.5    2.5              |     7.7    16.9    7.9    2.5    2.5
   16  |     4.1    17.5    3.3    2.5    2.5              |     9.3    21.1    3.1    2.5    2.5
   32  |     6.6    21.6    3.1    3.2    3.4              |    11.5    25.6    3.2    3.0    3.5
   64  |    12.3    26.5    4.9    3.2    3.7              |    15.8    30.9    4.9    3.2    3.7
  128  |    24.5    32.1   10.4    4.7    4.4              |    22.6    36.9   10.9    5.1    5.2
  256  |    44.4    37.8    7.5   10.3   10.1              |    41.6    46.1   15.5   14.3   13.0
  512  |    84.7    43.1   14.9    7.6    6.4              |    77.1    59.9   31.1   24.2   15.6
 1024  |   179.2    48.0   10.1   15.2   14.3              |   143.3    77.8   45.8   39.4   24.0
 2048  |   338.1    53.0   18.6   10.0    9.0              |   261.6    96.0   57.6   47.9   26.5
 4096  |   645.8    57.8   13.7   19.2   17.7              |   491.8   117.3   71.8   66.3   36.5
