=== M4 Max F vs Lem sweep medians (5 runs, 2026-05-20) ===
    n     F.hb    L.hb     d%     F.hs    L.hs     d%     F.cb    L.cb     d%     F.cs    L.cs     d%
    1     8.17    9.01   -9.4    10.10   13.17  -23.3    93.75  103.12   -9.1   261.45  152.91  +71.0
    2    15.47   15.31   +1.0    16.68   17.82   -6.4   100.00  113.33  -11.8   292.29  159.59  +83.2
    3    17.84   17.67   +1.0    17.99   18.69   -3.8   109.58  117.08   -6.4   281.05  161.04  +74.5
    4    18.29   18.61   -1.7    18.96   19.50   -2.8   109.80  128.96  -14.9   278.33  154.38  +80.3
    5    19.10   19.37   -1.4    19.98   20.09   -0.6   121.25  139.79  -13.3   292.08  155.42  +87.9
    6    19.36   19.47   -0.6    20.00   20.11   -0.6   117.08  151.88  -22.9   295.21  160.83  +83.6
    7    20.15   19.41   +3.8    20.42   20.68   -1.2   121.88  155.42  -21.6   292.08  153.75  +90.0
    8     7.82   20.27  -61.4     8.24   21.01  -60.8    87.50  152.91  -42.8   113.96  239.79  -52.5
    9     9.76   20.91  -53.3    10.00   21.71  -53.9    85.83  153.75  -44.2   126.25  229.59  -45.0
   10    10.92   21.17  -48.4    11.19   21.70  -48.4    88.33  188.34  -53.1   136.04  248.96  -45.4
   11    13.03   21.19  -38.5    13.02   21.99  -40.8    91.25  172.09  -47.0   158.12  233.34  -32.2
   12    14.41   21.11  -31.8    13.88   21.73  -36.1    96.45  217.29  -55.6   160.62  239.58  -33.0
   13    15.24   20.91  -27.1    16.67   21.58  -22.8   102.92  183.34  -43.9   163.34  229.59  -28.9
   14    16.66   21.32  -21.9    17.10   22.36  -23.5   101.04  212.50  -52.5   189.59  222.08  -14.6
   15    17.96   21.59  -16.8    18.40   21.97  -16.2   109.58  241.88  -54.7   216.46  211.66   +2.3
   16     7.92    9.66  -18.0     8.16   15.09  -45.9    94.17  117.50  -19.9   108.96  247.50  -56.0
   17     9.05   10.64  -14.9     9.15   16.50  -44.6    91.88  112.29  -18.2   127.71  261.46  -51.2
   18    10.09   11.28  -10.5    10.25   16.52  -38.0    95.21  115.42  -17.5   127.50  259.58  -50.9
   19    11.12   12.39  -10.2    11.37   16.60  -31.5   111.67  120.83   -7.6   130.62  253.34  -48.4
   20    12.19   13.43   -9.2    12.18   18.34  -33.6    99.38  116.46  -14.7   135.83  277.29  -51.0
   21    12.80   14.32  -10.6    12.94   18.04  -28.2   100.62  114.58  -12.2   155.42  251.25  -38.1
   22    13.24   14.50   -8.6    13.15   18.45  -28.7    96.04  110.21  -12.9   149.79  254.16  -41.1
   23    14.28   15.02   -4.9    14.25   19.42  -26.6   115.21  103.95  +10.8   166.25  235.21  -29.3
   24    14.81   16.21   -8.6    15.12   18.87  -19.9   100.00  112.92  -11.4   162.50  238.12  -31.8
   25    15.63   16.03   -2.4    15.68   19.96  -21.4   106.04  125.00  -15.2   172.50  277.30  -37.8
   26    17.06   16.37   +4.2    17.00   19.72  -13.8   110.20  110.62   -0.4   172.29  221.46  -22.2
   27    16.58   17.36   -4.5    17.51   19.87  -11.9   106.46  118.96  -10.5   194.38  211.25   -8.0
   28    18.02   17.38   +3.7    18.09   20.28  -10.8   240.00  132.71  +80.9   187.29  230.62  -18.8
   29    18.21   17.89   +1.8    18.68   21.53  -13.2   106.88  126.88  -15.8   199.79  203.34   -1.7
   30    19.66   19.41   +1.3    19.76   20.73   -4.7   115.83  136.46  -15.1   196.25  211.88   -7.4
   31    19.96   19.43   +2.7    19.97   21.31   -6.3   145.62  135.21   +7.7   207.91  192.50   +8.0
   32     8.14   10.23  -20.4     8.11   16.43  -50.6    91.46  112.92  -19.0   104.38  244.59  -57.3
   33     8.89   10.93  -18.7     8.99   17.45  -48.5    97.29  114.79  -15.2   119.17  250.62  -52.5
   34     9.13   11.65  -21.7     9.64   17.76  -45.7    96.46  115.83  -16.7   121.45  262.29  -53.7
   35     9.41   12.21  -23.0     9.98   18.17  -45.1    93.75  116.04  -19.2   119.38  267.08  -55.3
   37    11.16   12.72  -12.3    11.26   18.97  -40.7    99.38  112.92  -12.0   124.79  277.08  -55.0
   38    11.61   13.07  -11.2    11.78   18.61  -36.7    97.50  115.62  -15.7   136.88  250.21  -45.3
   39    11.69   13.85  -15.6    11.97   19.21  -37.7   109.38  112.70   -3.0   123.12  257.70  -52.2
   40    12.40   14.27  -13.1    12.41   18.98  -34.6   103.33  112.50   -8.2   151.46  267.50  -43.4
   42    13.49   14.74   -8.5    13.62   19.59  -30.4    96.05  117.71  -18.4   126.67  242.50  -47.8
   43    13.71   15.29  -10.3    14.16   20.12  -29.6    98.96  115.62  -14.4   180.21  243.34  -25.9
   45    14.68   15.41   -4.8    14.61   20.18  -27.6   109.80  128.96  -14.9   168.12  222.29  -24.4
   46    14.99   16.72  -10.4    14.91   20.97  -28.9   102.08  116.45  -12.3   154.38  245.41  -37.1
   48    15.62   11.27  +38.6    16.07   18.51  -13.2   110.21  118.95   -7.4   155.84  258.12  -39.6
   49    15.79   11.08  +42.5    16.02   18.36  -12.7   109.38  119.17   -8.2   180.62  226.88  -20.4
   51    17.23   12.77  +34.9    16.61   19.12  -13.2   122.29  122.29   +0.0   178.34  237.91  -25.0
   53    17.75   13.23  +34.2    18.67   19.86   -6.0   231.04  116.67  +98.0   178.96  231.46  -22.7
   54    18.29   12.95  +41.3    19.09   20.40   -6.4   141.04  115.62  +22.0   206.04  212.71   -3.1
   56    19.67   13.55  +45.1    19.65   19.88   -1.2   135.00  115.83  +16.5   211.88  204.38   +3.7
   58    20.22   13.90  +45.5    20.41   19.75   +3.3   153.96  116.67  +32.0   222.09  188.12  +18.1
   60    20.26   14.73  +37.5    20.33   20.53   -1.0   177.09  132.71  +33.4   207.91  195.00   +6.6
   62    21.61   15.48  +39.6    21.20   20.31   +4.4   169.38  128.96  +31.3   236.66  195.84  +20.8
   64    10.25   11.79  -13.1    12.22   17.81  -31.4   120.00  135.21  -11.2   254.59  206.04  +23.6
   66    10.87   12.70  -14.4    13.71   18.91  -27.5   118.12  126.46   -6.6   303.33  207.50  +46.2
   68    12.31   12.29   +0.2    13.69   18.58  -26.3   118.12  123.54   -4.4   316.04  232.91  +35.7
   71    12.04   13.42  -10.3    14.84   19.01  -22.0   121.05  128.54   -5.8   331.04  215.62  +53.5
   73    13.40   14.66   -8.6    14.15   20.07  -29.5   127.71  137.50   -7.1   358.33  232.71  +54.0
   75    13.20   14.79  -10.7    16.43   19.39  -15.3   116.04  136.66  -15.1   289.58  223.54  +29.5
   78    13.09   14.77  -11.3    16.07   20.08  -19.9   117.92  124.58   -5.3   287.70  201.66  +42.7
   81    14.50   13.05  +11.1    17.38   19.63  -11.5   115.62  142.71  -19.0   313.75  217.71  +44.1
   83    14.96   12.80  +16.9    16.65   19.41  -14.2   128.96  140.42   -8.2   289.79  217.09  +33.5
   86    15.21   13.34  +14.0    17.16   19.56  -12.3   115.83  133.33  -13.1   309.17  212.29  +45.6
   89    15.85   14.68   +8.0    18.05   19.76   -8.7   130.83  144.58   -9.5   306.25  238.12  +28.6
   92    16.65   14.95  +11.4    17.97   20.57  -12.6   140.83  141.67   -0.6   278.33  219.79  +26.6
   95    16.17   15.31   +5.6    18.92   20.57   -8.0   134.38  145.00   -7.3   353.33  240.21  +47.1
   98    17.12   13.01  +31.6    19.37   19.60   -1.1   148.34  139.58   +6.3   338.12  226.46  +49.3
  102    17.48   14.58  +19.9    19.79   20.69   -4.3   161.66  146.25  +10.5   260.00  228.96  +13.6
  105    20.93   14.36  +45.7    21.11   21.05   +0.3   181.25  140.84  +28.7   323.75  224.38  +44.3
  109    19.54   15.49  +26.1    21.28   21.61   -1.5   163.75  154.16   +6.2   327.92  267.71  +22.5
  112    20.28   13.77  +47.2    21.67   20.65   +4.9   147.29  156.04   -5.6   271.46  247.50   +9.7
  116    20.39   14.20  +43.6    21.31   20.84   +2.3   242.29  143.75  +68.5   396.45  252.71  +56.9
  120    20.99   15.28  +37.4    21.90   20.74   +5.6   242.50  166.25  +45.9   305.20  237.71  +28.4
  124    23.02   15.40  +49.5    23.07   21.35   +8.1   217.09  135.62  +60.1   324.58  243.34  +33.4
  128    13.89   12.72   +9.2    15.28   19.65  -22.2   131.25  137.91   -4.8   271.04  230.41  +17.6
  132    14.44   13.64   +5.8    17.45   21.16  -17.5   119.58  152.29  -21.5   401.45  239.38  +67.7
  137    13.92   14.46   -3.7    16.59   21.62  -23.2   126.67  145.62  -13.0   355.62  390.21   -8.9
  141    16.31   15.39   +5.9    17.36   20.94  -17.1   123.55  148.96  -17.1   309.58  260.83  +18.7
  146    15.08   14.34   +5.1    17.11   21.69  -21.1   127.70  156.25  -18.3   357.08  236.25  +51.1
  151    16.21   14.39  +12.7    17.98   21.39  -15.9   127.08  159.38  -20.3   342.08  245.83  +39.2
  156    18.02   15.63  +15.2    18.40   21.80  -15.6   141.04  160.21  -12.0   381.88  270.62  +41.1
  161    17.46   14.27  +22.3    20.25   21.69   -6.7   146.88  158.33   -7.2   288.96  278.75   +3.7
  167    17.63   15.63  +12.8    19.87   21.95   -9.5   134.38  155.41  -13.5   281.04  237.29  +18.4
  172    17.30   16.19   +6.9    19.95   22.19  -10.1   188.12  178.96   +5.1   297.08  257.92  +15.2
  178    19.39   15.31  +26.6    23.80   22.47   +5.9   173.54  180.21   -3.7   284.79  274.79   +3.6
  184    20.49   15.75  +30.1    21.21   23.02   -7.9   152.91  173.96  -12.1   313.12  251.88  +24.3
  190    19.15   16.52  +15.9    21.60   24.13  -10.5   173.75  170.84   +1.7   337.08  283.75  +18.8
  197    15.27   16.34   -6.5    17.95   22.80  -21.3   133.12  180.21  -26.1   427.50  282.08  +51.6
  203    16.10   15.92   +1.1    22.02   23.72   -7.2   140.84  162.71  -13.4   307.30  288.12   +6.7
  210    16.66   16.47   +1.1    19.69   23.59  -16.5   144.79  177.71  -18.5   333.54  311.88   +6.9
  217    16.88   16.72   +1.0    20.68   25.31  -18.3   151.25  178.96  -15.5   281.46  297.08   -5.3
  224    18.23   16.77   +8.7    22.01   25.22  -12.8   141.66  184.38  -23.2   317.92  293.12   +8.5
  232    19.28   18.31   +5.3    22.04   26.85  -17.9   141.04  170.21  -17.1   313.54  330.00   -5.0
  240    18.79   18.66   +0.7    21.84   27.13  -19.5   157.91  178.54  -11.6   337.92  323.75   +4.4
  248    20.26   19.77   +2.5    22.68   27.53  -17.6   145.41  176.46  -17.6   393.12  309.79  +26.9
  256    14.51   17.95  -19.1    18.52   27.56  -32.8   140.21  183.96  -23.8   273.75  345.00  -20.7
  265    15.97   19.98  -20.1    18.32   29.17  -37.2   132.71  181.25  -26.8   388.75  315.00  +23.4
  273    16.99   19.35  -12.2    19.11   28.22  -32.3   131.46  191.04  -31.2   428.33  356.46  +20.2
  283    16.77   20.75  -19.2    20.76   30.05  -30.9   136.88  191.66  -28.6   448.75  337.92  +32.8
  292    18.05   20.32  -11.1    20.26   29.01  -30.2   142.50  185.00  -23.0   389.58  330.62  +17.8
  302    19.63   21.70   -9.5    20.64   30.65  -32.7   147.29  198.34  -25.7   389.79  310.00  +25.7
  312    18.64   21.98  -15.2    20.94   30.09  -30.4   152.08  205.41  -26.0   433.55  358.54  +20.9
  323    15.48   20.61  -24.9    18.73   29.81  -37.2   128.96  201.46  -36.0   483.96  339.58  +42.5
  333    16.44   20.10  -18.2    20.16   30.51  -33.9   157.09  181.88  -13.6   342.30  341.67   +0.2
  345    17.20   21.18  -18.8    21.29   32.28  -34.1   156.46  195.41  -19.9   387.92  338.95  +14.4
  356    17.56   22.15  -20.7    19.78   30.85  -35.9   171.66  189.79   -9.6   328.96  351.05   -6.3
  368    18.23   20.95  -13.0    21.36   30.03  -28.9   167.50  195.41  -14.3   304.17  334.58   -9.1
  380    18.86   21.17  -10.9    22.04   31.34  -29.7   161.25  182.92  -11.8   321.67  333.33   -3.5
  393    17.88   23.04  -22.4    21.07   32.21  -34.6   136.46  191.66  -28.8   353.54  355.83   -0.6
  406    18.60   23.94  -22.3    21.92   33.51  -34.6   140.62  202.71  -30.6   333.55  370.42  -10.0
  420    18.54   21.29  -12.9    21.87   31.58  -30.7   141.88  190.00  -25.3   434.17  334.79  +29.7
  434    19.15   22.05  -13.2    22.44   33.22  -32.4   152.08  205.84  -26.1   311.88  330.00   -5.5
  449    16.86   22.80  -26.1    19.58   32.57  -39.9   183.54  239.38  -23.3   296.45  350.42  -15.4
  464    17.01   21.50  -20.9    21.70   32.62  -33.5   174.17  236.04  -26.2   305.62  403.96  -24.3
  479    18.12   21.61  -16.1    21.04   32.77  -35.8   201.04  217.71   -7.7   427.92  398.12   +7.5
  495    18.77   22.23  -15.5    21.20   32.16  -34.1   163.12  203.75  -19.9   267.50  334.17  -19.9
  512    16.68   22.52  -25.9    19.56   30.81  -36.5   153.75  219.16  -29.8   258.12  323.12  -20.1
  529    18.30   23.76  -23.0    21.90   35.54  -38.4   138.75  203.96  -32.0   315.42  356.05  -11.4
  547    18.78   24.83  -24.4    20.97   33.74  -37.9   149.58  219.38  -31.8   344.38  377.71   -8.8
  565    19.58   25.39  -22.9    22.32   34.83  -35.9   150.41  210.84  -28.7   390.83  378.33   +3.3
  584    19.21   23.71  -19.0    21.55   33.26  -35.2   158.96  200.21  -20.6   287.92  340.20  -15.4
  604    19.12   23.99  -20.3    22.68   34.19  -33.7   142.29  199.38  -28.6   288.33  358.33  -19.5
  624    20.46   26.97  -24.1    23.37   34.65  -32.6   154.59  196.04  -21.1   380.42  364.38   +4.4
  645    18.58   24.93  -25.5    22.11   34.40  -35.7   155.00  190.84  -18.8   273.75  343.33  -20.3
  667    19.47   25.51  -23.7    22.03   35.71  -38.3   154.79  206.46  -25.0   275.21  347.30  -20.8
  689    20.61   25.20  -18.2    23.04   35.09  -34.4   155.00  202.71  -23.5   367.08  345.62   +6.2
  712    19.14   25.80  -25.8    22.55   36.71  -38.6   171.25  197.29  -13.2   310.42  365.42  -15.1
  736    20.16   26.51  -24.0    23.65   35.06  -32.6   163.96  204.38  -19.8   365.83  367.29   -0.4
  761    21.21   26.31  -19.4    24.03   37.55  -36.0   180.21  227.09  -20.6   301.88  371.88  -18.8
  786    19.01   24.78  -23.3    23.99   35.07  -31.6   156.25  184.17  -15.2   329.17  373.54  -11.9
  813    19.77   26.69  -25.9    22.06   37.45  -41.1   144.79  217.71  -33.5   287.92  403.96  -28.7
  840    19.76   26.60  -25.7    22.50   36.59  -38.5   148.54  214.16  -30.6   291.67  390.42  -25.3
  868    19.93   28.13  -29.1    22.85   38.91  -41.3   173.34  209.16  -17.1   332.50  408.33  -18.6
  897    19.07   26.91  -29.1    22.82   36.89  -38.1   157.71  220.21  -28.4   270.42  381.25  -29.1
  927    20.50   29.32  -30.1    22.74   39.58  -42.5   150.84  216.04  -30.2   352.29  388.54   -9.3
  959    21.59   29.44  -26.7    24.47   40.45  -39.5   162.09  214.79  -24.5   291.88  393.12  -25.8
  991    20.82   28.16  -26.1    23.60   39.45  -40.2   168.34  195.84  -14.0   326.46  413.55  -21.1
 1024    22.05   32.39  -31.9    22.74   41.34  -45.0   146.66  199.79  -26.6   393.33  413.55   -4.9
 1058    21.73   33.80  -35.7    23.51   42.44  -44.6   154.38  240.00  -35.7   323.75  412.71  -21.6
 1094    22.27   32.27  -31.0    25.14   41.38  -39.2   175.83  222.50  -21.0   408.55  423.95   -3.6
 1131    23.09   33.22  -30.5    25.48   43.31  -41.2   177.50  236.25  -24.9   361.04  483.96  -25.4
 1169    22.94   33.71  -32.0    25.83   44.19  -41.6   179.59  266.67  -32.7   435.83  394.38  +10.5
 1208    22.50   32.23  -30.2    25.85   41.58  -37.8   167.29  218.33  -23.4   296.67  410.62  -27.8
 1248    23.97   31.99  -25.1    25.39   41.53  -38.9   176.25  233.75  -24.6   286.67  445.83  -35.7
 1290    21.89   30.36  -27.9    26.25   44.92  -41.6   179.79  217.09  -17.2   283.75  406.67  -30.2
 1333    21.87   31.73  -31.1    24.98   41.19  -39.3   172.29  249.59  -31.0   337.08  452.50  -25.5
 1378    22.89   32.46  -29.5    26.24   42.54  -38.3   161.66  209.79  -22.9   480.42  459.58   +4.5
 1424    23.13   32.68  -29.2    25.07   41.36  -39.4   167.50  209.17  -19.9   490.20  445.62  +10.0
 1472    21.33   32.74  -34.9    24.96   42.37  -41.1   180.62  233.12  -22.5   463.75  448.55   +3.4
 1522    21.75   32.40  -32.9    26.10   44.28  -41.1   174.17  240.41  -27.6   468.75  432.30   +8.4
 1573    23.77   33.74  -29.5    25.81   43.93  -41.3   172.71  228.12  -24.3   312.29  429.58  -27.3
 1625    24.11   34.10  -29.3    26.81   45.54  -41.1   168.96  239.58  -29.5   279.17  462.29  -39.6
 1680    23.53   33.71  -30.2    25.91   45.22  -42.7   183.96  242.92  -24.3   395.21  474.80  -16.8
 1736    24.16   34.02  -29.0    27.17   45.78  -40.6   166.46  224.59  -25.9   367.70  442.08  -16.8
 1795    23.23   35.94  -35.4    26.32   46.37  -43.2   167.29  247.92  -32.5   283.95  463.33  -38.7
 1855    22.81   34.36  -33.6    29.13   45.97  -36.6   157.71  242.09  -34.9   445.62  494.79   -9.9
 1917    24.96   37.89  -34.1    27.06   45.42  -40.4   168.96  253.75  -33.4   352.29  482.50  -27.0
 1982    25.00   35.71  -30.0    28.33   47.49  -40.3   169.79  235.41  -27.9   335.62  468.75  -28.4
 2048    22.33   33.19  -32.7    26.71   46.10  -42.1   151.66  264.58  -42.7   352.29  513.96  -31.5
 2117    25.45   36.03  -29.4    30.61   50.21  -39.0   156.46  258.33  -39.4   327.08  510.00  -35.9
 2188    25.69   36.59  -29.8    30.75   49.34  -37.7   163.96  303.96  -46.1   330.83  536.46  -38.3
 2261    26.31   35.03  -24.9    28.63   47.48  -39.7   170.21  279.80  -39.2   323.75  519.16  -37.6
 2337    26.70   36.54  -26.9    29.11   48.60  -40.1   175.41  325.00  -46.0   321.04  526.04  -39.0
 2415    27.16   35.21  -22.9    29.18   48.82  -40.2   159.79  267.50  -40.3   358.54  616.46  -41.8
 2497    26.98   35.60  -24.2    26.95   46.31  -41.8   180.62  280.83  -35.7   382.92  514.58  -25.6
 2580    24.44   38.07  -35.8    28.85   47.88  -39.8   177.09  286.05  -38.1   302.92  511.25  -40.8
 2667    25.63   36.28  -29.4    29.26   47.28  -38.1   168.75  292.08  -42.2   342.71  507.50  -32.5
 2756    25.08   37.26  -32.7    28.33   48.59  -41.7   158.33  319.58  -50.5   337.29  524.16  -35.7
 2849    26.73   37.41  -28.6    28.75   49.35  -41.7   169.38  373.75  -54.7   313.55  523.75  -40.1
 2945    24.65   36.91  -33.2    28.75   48.94  -41.3   182.50  373.96  -51.2   397.92  549.79  -27.6
 3043    27.07   36.18  -25.2    34.32   55.36  -38.0   198.12  307.30  -35.5   473.96  613.75  -22.8
 3145    27.40   36.78  -25.5    29.38   50.60  -41.9   172.29  295.42  -41.7   375.20  603.34  -37.8
 3251    29.30   38.66  -24.2    30.64   50.06  -38.8   176.25  301.67  -41.6   303.12  542.50  -44.1
 3360    27.69   45.38  -39.0    31.35   55.15  -43.2   174.59  348.96  -50.0   363.12  629.38  -42.3
 3473    28.73   40.21  -28.6    31.84   53.78  -40.8   180.62  351.04  -48.5   353.75  605.00  -41.5
 3589    27.32   37.34  -26.8    31.37   65.48  -52.1   161.88  241.46  -33.0   380.00  472.50  -19.6
 3710    25.28   39.55  -36.1    28.15   51.01  -44.8   181.88  248.12  -26.7   365.42  578.96  -36.9
 3834    27.29   39.12  -30.2    34.46   55.61  -38.0   172.50  248.12  -30.5   312.08  516.25  -39.5
 3963    25.99   41.29  -37.0    30.98   52.25  -40.7   164.79  226.88  -27.4   322.50  562.71  -42.7
 4096    24.98   43.39  -42.4    29.53   60.54  -51.2   148.33  251.66  -41.1   299.17  523.12  -42.8
 4233    32.61   44.07  -26.0    35.26   59.30  -40.5   185.00  351.25  -47.3   315.00  609.38  -48.3
 4376    30.15   42.14  -28.4    37.94   51.92  -26.9   175.00  361.46  -51.6   339.17  689.38  -50.8
 4522    29.20   46.26  -36.9    35.63   62.14  -42.7   204.16  400.21  -49.0   531.66  602.50  -11.8
 4674    40.51   53.66  -24.5    33.58   70.61  -52.4   204.17  455.21  -55.1   407.08  663.12  -38.6
 4831    29.81   43.60  -31.6    34.28   54.54  -37.1   179.58  406.46  -55.8   318.75  518.12  -38.5
 4993    31.15   44.10  -29.4    33.15   56.59  -41.4   176.46  392.70  -55.1   408.33  557.91  -26.8
 5161    29.47   44.82  -34.2    32.74   53.43  -38.7   161.67  442.50  -63.5   322.29  626.04  -48.5
 5334    32.66   44.48  -26.6    36.32   62.02  -41.4   172.71  279.79  -38.3   332.08  658.54  -49.6
 5513    33.77   42.17  -19.9    40.73   76.49  -46.8   166.88  261.05  -36.1   325.00  582.29  -44.2
 5698    40.04   57.13  -29.9    37.46   60.63  -38.2   180.00  258.96  -30.5   488.54  796.66  -38.7
 5889    33.87   53.97  -37.2    36.49   64.57  -43.5   173.75  280.62  -38.1   351.88  614.79  -42.8
 6087    39.09   57.94  -32.5    39.26   56.43  -30.4   184.59  415.21  -55.5   316.04  653.34  -51.6
 6291    39.93   57.09  -30.1    39.23   62.27  -37.0   182.29  444.58  -59.0   437.71  600.00  -27.0
 6502    34.58   48.74  -29.1    40.62   59.17  -31.4   177.09  479.17  -63.0   347.70  662.71  -47.5
 6720    37.21   50.72  -26.6    36.58   70.57  -48.2   198.96  371.67  -46.5   392.29  666.25  -41.1
 6946    37.95   50.97  -25.5    38.28   57.14  -33.0   184.17  426.67  -56.8   363.75  660.62  -44.9
 7179    31.98   47.36  -32.5    36.26   63.22  -42.6   216.46  281.45  -23.1   382.08  547.71  -30.2
 7420    31.20   51.41  -39.3    41.18   70.13  -41.3   196.25  274.58  -28.5   413.75  597.50  -30.8
 7669    31.18   65.52  -52.4    38.38   70.45  -45.5   170.21  253.75  -32.9   414.58  600.62  -31.0
 7926    34.86   62.07  -43.8    35.97   58.94  -39.0   191.66  270.42  -29.1   351.67  625.42  -43.8
 8192    37.36   60.43  -38.2    37.78   70.38  -46.3   170.42  263.96  -35.4   362.08  576.04  -37.1

=== F vs Lem summary (median across all sweep n) ===
  hot_bat    median F vs Lem  -19.2%   F-wins/ties/F-losses = 148/5/47/200 min=-61.4% max=+49.5%
  hot_ser    median F vs Lem  -34.1%   F-wins/ties/F-losses = 189/4/7/200 min=-60.8% max=+8.1%
  cold_bat   median F vs Lem  -21.1%   F-wins/ties/F-losses = 179/3/18/200 min=-63.5% max=+98.0%
  cold_ser   median F vs Lem  -18.6%   F-wins/ties/F-losses = 127/3/70/200 min=-57.3% max=+90.0%

# paste into plot.py:
m4_fvl_sweep = {
    1: {"hb":(8.166,9.014), "hs":(10.103,13.172), "cb":(93.750,103.125), "cs":(261.455,152.915)},
    2: {"hb":(15.472,15.313), "hs":(16.678,17.823), "cb":(100.000,113.330), "cs":(292.290,159.585)},
    3: {"hb":(17.839,17.668), "hs":(17.986,18.695), "cb":(109.585,117.085), "cs":(281.045,161.040)},
    4: {"hb":(18.294,18.611), "hs":(18.958,19.500), "cb":(109.795,128.955), "cs":(278.335,154.375)},
    5: {"hb":(19.100,19.369), "hs":(19.981,20.095), "cb":(121.250,139.790), "cs":(292.085,155.420)},
    6: {"hb":(19.359,19.467), "hs":(20.001,20.115), "cb":(117.085,151.875), "cs":(295.210,160.830)},
    7: {"hb":(20.150,19.408), "hs":(20.422,20.675), "cb":(121.875,155.420), "cs":(292.085,153.750)},
    8: {"hb":(7.818,20.272), "hs":(8.245,21.015), "cb":(87.500,152.915), "cs":(113.960,239.790)},
    9: {"hb":(9.760,20.907), "hs":(9.999,21.712), "cb":(85.830,153.750), "cs":(126.250,229.585)},
    10: {"hb":(10.917,21.170), "hs":(11.192,21.702), "cb":(88.335,188.335), "cs":(136.045,248.960)},
    11: {"hb":(13.034,21.190), "hs":(13.024,21.989), "cb":(91.250,172.085), "cs":(158.125,233.335)},
    12: {"hb":(14.406,21.115), "hs":(13.878,21.732), "cb":(96.455,217.290), "cs":(160.625,239.580)},
    13: {"hb":(15.242,20.905), "hs":(16.667,21.584), "cb":(102.920,183.335), "cs":(163.335,229.585)},
    14: {"hb":(16.660,21.319), "hs":(17.104,22.365), "cb":(101.040,212.500), "cs":(189.585,222.080)},
    15: {"hb":(17.965,21.594), "hs":(18.404,21.968), "cb":(109.585,241.875), "cs":(216.460,211.665)},
    16: {"hb":(7.921,9.657), "hs":(8.162,15.088), "cb":(94.165,117.500), "cs":(108.960,247.500)},
    17: {"hb":(9.053,10.644), "hs":(9.150,16.504), "cb":(91.875,112.290), "cs":(127.710,261.460)},
    18: {"hb":(10.091,11.276), "hs":(10.251,16.524), "cb":(95.210,115.415), "cs":(127.500,259.585)},
    19: {"hb":(11.122,12.386), "hs":(11.372,16.599), "cb":(111.670,120.830), "cs":(130.625,253.335)},
    20: {"hb":(12.188,13.429), "hs":(12.176,18.342), "cb":(99.375,116.460), "cs":(135.830,277.290)},
    21: {"hb":(12.796,14.318), "hs":(12.945,18.035), "cb":(100.625,114.585), "cs":(155.420,251.250)},
    22: {"hb":(13.245,14.498), "hs":(13.154,18.447), "cb":(96.040,110.210), "cs":(149.790,254.165)},
    23: {"hb":(14.279,15.019), "hs":(14.248,19.419), "cb":(115.210,103.955), "cs":(166.250,235.205)},
    24: {"hb":(14.812,16.214), "hs":(15.124,18.870), "cb":(100.000,112.920), "cs":(162.500,238.125)},
    25: {"hb":(15.634,16.026), "hs":(15.684,19.965), "cb":(106.040,125.000), "cs":(172.500,277.295)},
    26: {"hb":(17.055,16.367), "hs":(17.001,19.724), "cb":(110.205,110.625), "cs":(172.295,221.460)},
    27: {"hb":(16.582,17.365), "hs":(17.509,19.866), "cb":(106.460,118.960), "cs":(194.375,211.250)},
    28: {"hb":(18.023,17.376), "hs":(18.095,20.283), "cb":(240.000,132.705), "cs":(187.290,230.625)},
    29: {"hb":(18.205,17.890), "hs":(18.681,21.530), "cb":(106.875,126.875), "cs":(199.790,203.335)},
    30: {"hb":(19.658,19.415), "hs":(19.759,20.726), "cb":(115.835,136.455), "cs":(196.250,211.875)},
    31: {"hb":(19.962,19.434), "hs":(19.968,21.306), "cb":(145.625,135.210), "cs":(207.915,192.500)},
    32: {"hb":(8.137,10.226), "hs":(8.111,16.432), "cb":(91.460,112.915), "cs":(104.375,244.585)},
    33: {"hb":(8.887,10.928), "hs":(8.994,17.452), "cb":(97.290,114.790), "cs":(119.165,250.625)},
    34: {"hb":(9.129,11.654), "hs":(9.641,17.759), "cb":(96.460,115.835), "cs":(121.455,262.290)},
    35: {"hb":(9.408,12.213), "hs":(9.983,18.169), "cb":(93.750,116.040), "cs":(119.375,267.085)},
    37: {"hb":(11.159,12.721), "hs":(11.255,18.967), "cb":(99.375,112.915), "cs":(124.790,277.080)},
    38: {"hb":(11.607,13.074), "hs":(11.781,18.607), "cb":(97.500,115.625), "cs":(136.875,250.210)},
    39: {"hb":(11.693,13.854), "hs":(11.975,19.214), "cb":(109.375,112.705), "cs":(123.125,257.705)},
    40: {"hb":(12.401,14.269), "hs":(12.414,18.980), "cb":(103.330,112.500), "cs":(151.460,267.500)},
    42: {"hb":(13.489,14.745), "hs":(13.622,19.585), "cb":(96.045,117.710), "cs":(126.665,242.500)},
    43: {"hb":(13.710,15.287), "hs":(14.156,20.120), "cb":(98.960,115.625), "cs":(180.210,243.335)},
    45: {"hb":(14.680,15.415), "hs":(14.609,20.180), "cb":(109.795,128.955), "cs":(168.125,222.290)},
    46: {"hb":(14.990,16.723), "hs":(14.905,20.972), "cb":(102.085,116.455), "cs":(154.375,245.415)},
    48: {"hb":(15.622,11.271), "hs":(16.073,18.507), "cb":(110.210,118.955), "cs":(155.835,258.125)},
    49: {"hb":(15.790,11.079), "hs":(16.021,18.356), "cb":(109.375,119.170), "cs":(180.625,226.875)},
    51: {"hb":(17.231,12.774), "hs":(16.605,19.124), "cb":(122.290,122.290), "cs":(178.335,237.915)},
    53: {"hb":(17.749,13.226), "hs":(18.670,19.861), "cb":(231.045,116.665), "cs":(178.960,231.460)},
    54: {"hb":(18.294,12.950), "hs":(19.094,20.396), "cb":(141.040,115.625), "cs":(206.040,212.710)},
    56: {"hb":(19.669,13.553), "hs":(19.649,19.883), "cb":(135.000,115.835), "cs":(211.875,204.375)},
    58: {"hb":(20.222,13.902), "hs":(20.405,19.750), "cb":(153.960,116.665), "cs":(222.085,188.125)},
    60: {"hb":(20.255,14.727), "hs":(20.331,20.531), "cb":(177.085,132.710), "cs":(207.915,195.000)},
    62: {"hb":(21.608,15.482), "hs":(21.204,20.311), "cb":(169.375,128.960), "cs":(236.665,195.835)},
    64: {"hb":(10.249,11.794), "hs":(12.220,17.811), "cb":(120.000,135.205), "cs":(254.585,206.045)},
    66: {"hb":(10.868,12.701), "hs":(13.706,18.905), "cb":(118.125,126.460), "cs":(303.335,207.500)},
    68: {"hb":(12.315,12.294), "hs":(13.690,18.581), "cb":(118.125,123.540), "cs":(316.040,232.915)},
    71: {"hb":(12.040,13.419), "hs":(14.838,19.012), "cb":(121.045,128.540), "cs":(331.040,215.625)},
    73: {"hb":(13.404,14.659), "hs":(14.154,20.066), "cb":(127.710,137.500), "cs":(358.335,232.705)},
    75: {"hb":(13.204,14.789), "hs":(16.425,19.391), "cb":(116.040,136.665), "cs":(289.585,223.540)},
    78: {"hb":(13.095,14.770), "hs":(16.074,20.078), "cb":(117.915,124.580), "cs":(287.705,201.665)},
    81: {"hb":(14.500,13.050), "hs":(17.381,19.633), "cb":(115.625,142.710), "cs":(313.750,217.710)},
    83: {"hb":(14.965,12.797), "hs":(16.652,19.408), "cb":(128.960,140.420), "cs":(289.790,217.085)},
    86: {"hb":(15.210,13.340), "hs":(17.158,19.555), "cb":(115.830,133.330), "cs":(309.165,212.290)},
    89: {"hb":(15.854,14.683), "hs":(18.047,19.760), "cb":(130.830,144.580), "cs":(306.250,238.125)},
    92: {"hb":(16.650,14.950), "hs":(17.966,20.567), "cb":(140.830,141.670), "cs":(278.335,219.790)},
    95: {"hb":(16.171,15.312), "hs":(18.924,20.568), "cb":(134.375,145.000), "cs":(353.335,240.210)},
    98: {"hb":(17.117,13.007), "hs":(19.373,19.596), "cb":(148.335,139.580), "cs":(338.125,226.455)},
    102: {"hb":(17.481,14.578), "hs":(19.792,20.688), "cb":(161.665,146.250), "cs":(260.000,228.960)},
    105: {"hb":(20.927,14.360), "hs":(21.107,21.046), "cb":(181.250,140.835), "cs":(323.750,224.375)},
    109: {"hb":(19.535,15.488), "hs":(21.282,21.614), "cb":(163.750,154.165), "cs":(327.920,267.710)},
    112: {"hb":(20.277,13.771), "hs":(21.669,20.647), "cb":(147.290,156.040), "cs":(271.460,247.500)},
    116: {"hb":(20.394,14.200), "hs":(21.315,20.836), "cb":(242.290,143.750), "cs":(396.455,252.710)},
    120: {"hb":(20.995,15.279), "hs":(21.902,20.740), "cb":(242.500,166.250), "cs":(305.205,237.705)},
    124: {"hb":(23.024,15.396), "hs":(23.075,21.354), "cb":(217.085,135.625), "cs":(324.580,243.335)},
    128: {"hb":(13.895,12.724), "hs":(15.283,19.646), "cb":(131.250,137.915), "cs":(271.040,230.415)},
    132: {"hb":(14.440,13.643), "hs":(17.446,21.157), "cb":(119.580,152.295), "cs":(401.455,239.375)},
    137: {"hb":(13.923,14.457), "hs":(16.594,21.617), "cb":(126.665,145.625), "cs":(355.625,390.210)},
    141: {"hb":(16.305,15.393), "hs":(17.360,20.936), "cb":(123.545,148.960), "cs":(309.585,260.835)},
    146: {"hb":(15.082,14.345), "hs":(17.110,21.691), "cb":(127.705,156.250), "cs":(357.085,236.250)},
    151: {"hb":(16.211,14.386), "hs":(17.979,21.387), "cb":(127.080,159.375), "cs":(342.080,245.830)},
    156: {"hb":(18.016,15.634), "hs":(18.400,21.802), "cb":(141.040,160.210), "cs":(381.875,270.625)},
    161: {"hb":(17.457,14.273), "hs":(20.250,21.693), "cb":(146.875,158.330), "cs":(288.960,278.750)},
    167: {"hb":(17.628,15.631), "hs":(19.871,21.953), "cb":(134.375,155.415), "cs":(281.040,237.290)},
    172: {"hb":(17.301,16.186), "hs":(19.954,22.191), "cb":(188.125,178.960), "cs":(297.085,257.915)},
    178: {"hb":(19.389,15.312), "hs":(23.801,22.474), "cb":(173.540,180.210), "cs":(284.790,274.790)},
    184: {"hb":(20.489,15.754), "hs":(21.209,23.017), "cb":(152.915,173.960), "cs":(313.125,251.875)},
    190: {"hb":(19.151,16.524), "hs":(21.602,24.129), "cb":(173.750,170.835), "cs":(337.085,283.750)},
    197: {"hb":(15.274,16.344), "hs":(17.954,22.801), "cb":(133.125,180.205), "cs":(427.500,282.085)},
    203: {"hb":(16.101,15.923), "hs":(22.024,23.722), "cb":(140.835,162.710), "cs":(307.295,288.125)},
    210: {"hb":(16.655,16.467), "hs":(19.689,23.589), "cb":(144.790,177.705), "cs":(333.540,311.875)},
    217: {"hb":(16.884,16.721), "hs":(20.678,25.315), "cb":(151.250,178.960), "cs":(281.460,297.085)},
    224: {"hb":(18.229,16.769), "hs":(22.005,25.222), "cb":(141.665,184.375), "cs":(317.915,293.125)},
    232: {"hb":(19.281,18.306), "hs":(22.044,26.846), "cb":(141.040,170.205), "cs":(313.540,330.000)},
    240: {"hb":(18.790,18.659), "hs":(21.835,27.133), "cb":(157.915,178.540), "cs":(337.920,323.750)},
    248: {"hb":(20.262,19.774), "hs":(22.680,27.531), "cb":(145.415,176.460), "cs":(393.125,309.790)},
    256: {"hb":(14.515,17.949), "hs":(18.518,27.560), "cb":(140.205,183.960), "cs":(273.750,345.000)},
    265: {"hb":(15.973,19.983), "hs":(18.316,29.167), "cb":(132.710,181.250), "cs":(388.750,315.000)},
    273: {"hb":(16.992,19.350), "hs":(19.113,28.216), "cb":(131.460,191.040), "cs":(428.330,356.460)},
    283: {"hb":(16.772,20.746), "hs":(20.761,30.049), "cb":(136.875,191.665), "cs":(448.750,337.915)},
    292: {"hb":(18.054,20.319), "hs":(20.255,29.015), "cb":(142.500,185.000), "cs":(389.585,330.625)},
    302: {"hb":(19.626,21.696), "hs":(20.641,30.648), "cb":(147.290,198.335), "cs":(389.790,310.000)},
    312: {"hb":(18.644,21.980), "hs":(20.936,30.085), "cb":(152.080,205.415), "cs":(433.545,358.540)},
    323: {"hb":(15.482,20.609), "hs":(18.732,29.807), "cb":(128.955,201.460), "cs":(483.960,339.585)},
    333: {"hb":(16.435,20.099), "hs":(20.158,30.505), "cb":(157.085,181.875), "cs":(342.295,341.665)},
    345: {"hb":(17.204,21.176), "hs":(21.285,32.280), "cb":(156.455,195.415), "cs":(387.915,338.955)},
    356: {"hb":(17.556,22.148), "hs":(19.782,30.847), "cb":(171.665,189.790), "cs":(328.960,351.045)},
    368: {"hb":(18.230,20.950), "hs":(21.360,30.029), "cb":(167.500,195.415), "cs":(304.165,334.585)},
    380: {"hb":(18.858,21.174), "hs":(22.042,31.340), "cb":(161.250,182.920), "cs":(321.665,333.335)},
    393: {"hb":(17.876,23.035), "hs":(21.071,32.210), "cb":(136.455,191.665), "cs":(353.540,355.830)},
    406: {"hb":(18.596,23.940), "hs":(21.916,33.510), "cb":(140.625,202.710), "cs":(333.545,370.420)},
    420: {"hb":(18.538,21.288), "hs":(21.873,31.583), "cb":(141.875,190.000), "cs":(434.165,334.790)},
    434: {"hb":(19.146,22.051), "hs":(22.441,33.217), "cb":(152.080,205.835), "cs":(311.875,330.000)},
    449: {"hb":(16.861,22.802), "hs":(19.582,32.567), "cb":(183.545,239.375), "cs":(296.455,350.415)},
    464: {"hb":(17.007,21.499), "hs":(21.701,32.620), "cb":(174.170,236.045), "cs":(305.625,403.960)},
    479: {"hb":(18.123,21.611), "hs":(21.038,32.775), "cb":(201.045,217.710), "cs":(427.915,398.125)},
    495: {"hb":(18.775,22.230), "hs":(21.203,32.157), "cb":(163.125,203.750), "cs":(267.500,334.165)},
    512: {"hb":(16.681,22.518), "hs":(19.558,30.811), "cb":(153.750,219.165), "cs":(258.125,323.125)},
    529: {"hb":(18.302,23.759), "hs":(21.901,35.545), "cb":(138.750,203.960), "cs":(315.415,356.045)},
    547: {"hb":(18.781,24.834), "hs":(20.966,33.744), "cb":(149.580,219.375), "cs":(344.375,377.710)},
    565: {"hb":(19.582,25.395), "hs":(22.318,34.826), "cb":(150.415,210.835), "cs":(390.830,378.335)},
    584: {"hb":(19.212,23.705), "hs":(21.554,33.265), "cb":(158.960,200.210), "cs":(287.915,340.205)},
    604: {"hb":(19.125,23.991), "hs":(22.681,34.194), "cb":(142.295,199.375), "cs":(288.335,358.335)},
    624: {"hb":(20.462,26.966), "hs":(23.369,34.648), "cb":(154.585,196.045), "cs":(380.415,364.375)},
    645: {"hb":(18.576,24.931), "hs":(22.113,34.404), "cb":(155.000,190.835), "cs":(273.750,343.335)},
    667: {"hb":(19.468,25.510), "hs":(22.027,35.712), "cb":(154.795,206.460), "cs":(275.210,347.295)},
    689: {"hb":(20.605,25.202), "hs":(23.036,35.093), "cb":(155.000,202.710), "cs":(367.080,345.625)},
    712: {"hb":(19.143,25.796), "hs":(22.553,36.711), "cb":(171.250,197.290), "cs":(310.415,365.415)},
    736: {"hb":(20.158,26.508), "hs":(23.647,35.065), "cb":(163.960,204.375), "cs":(365.830,367.290)},
    761: {"hb":(21.209,26.307), "hs":(24.030,37.546), "cb":(180.210,227.085), "cs":(301.875,371.875)},
    786: {"hb":(19.005,24.783), "hs":(23.993,35.067), "cb":(156.250,184.170), "cs":(329.170,373.540)},
    813: {"hb":(19.773,26.694), "hs":(22.056,37.451), "cb":(144.790,217.710), "cs":(287.915,403.960)},
    840: {"hb":(19.761,26.604), "hs":(22.504,36.594), "cb":(148.540,214.165), "cs":(291.665,390.420)},
    868: {"hb":(19.934,28.128), "hs":(22.847,38.910), "cb":(173.335,209.165), "cs":(332.500,408.335)},
    897: {"hb":(19.071,26.906), "hs":(22.819,36.890), "cb":(157.705,220.205), "cs":(270.415,381.250)},
    927: {"hb":(20.498,29.319), "hs":(22.743,39.577), "cb":(150.835,216.045), "cs":(352.290,388.540)},
    959: {"hb":(21.586,29.444), "hs":(24.474,40.448), "cb":(162.085,214.790), "cs":(291.875,393.125)},
    991: {"hb":(20.823,28.161), "hs":(23.599,39.447), "cb":(168.335,195.835), "cs":(326.460,413.545)},
    1024: {"hb":(22.050,32.395), "hs":(22.742,41.345), "cb":(146.665,199.795), "cs":(393.335,413.545)},
    1058: {"hb":(21.727,33.796), "hs":(23.508,42.438), "cb":(154.375,240.000), "cs":(323.750,412.710)},
    1094: {"hb":(22.274,32.274), "hs":(25.142,41.377), "cb":(175.830,222.500), "cs":(408.545,423.955)},
    1131: {"hb":(23.094,33.221), "hs":(25.482,43.310), "cb":(177.500,236.250), "cs":(361.040,483.960)},
    1169: {"hb":(22.942,33.714), "hs":(25.829,44.191), "cb":(179.585,266.670), "cs":(435.830,394.375)},
    1208: {"hb":(22.502,32.227), "hs":(25.850,41.575), "cb":(167.295,218.330), "cs":(296.670,410.625)},
    1248: {"hb":(23.967,31.990), "hs":(25.391,41.533), "cb":(176.250,233.750), "cs":(286.665,445.835)},
    1290: {"hb":(21.890,30.360), "hs":(26.249,44.921), "cb":(179.790,217.085), "cs":(283.750,406.665)},
    1333: {"hb":(21.870,31.734), "hs":(24.983,41.188), "cb":(172.295,249.585), "cs":(337.085,452.500)},
    1378: {"hb":(22.891,32.457), "hs":(26.243,42.545), "cb":(161.665,209.790), "cs":(480.415,459.585)},
    1424: {"hb":(23.133,32.679), "hs":(25.067,41.355), "cb":(167.500,209.170), "cs":(490.205,445.625)},
    1472: {"hb":(21.328,32.741), "hs":(24.956,42.371), "cb":(180.625,233.125), "cs":(463.750,448.545)},
    1522: {"hb":(21.752,32.402), "hs":(26.097,44.283), "cb":(174.170,240.415), "cs":(468.750,432.295)},
    1573: {"hb":(23.772,33.736), "hs":(25.809,43.931), "cb":(172.710,228.125), "cs":(312.290,429.585)},
    1625: {"hb":(24.107,34.101), "hs":(26.805,45.536), "cb":(168.955,239.580), "cs":(279.165,462.290)},
    1680: {"hb":(23.526,33.710), "hs":(25.914,45.218), "cb":(183.960,242.920), "cs":(395.210,474.795)},
    1736: {"hb":(24.157,34.017), "hs":(27.173,45.781), "cb":(166.460,224.585), "cs":(367.705,442.085)},
    1795: {"hb":(23.225,35.938), "hs":(26.321,46.373), "cb":(167.290,247.920), "cs":(283.955,463.335)},
    1855: {"hb":(22.805,34.361), "hs":(29.126,45.970), "cb":(157.710,242.085), "cs":(445.625,494.790)},
    1917: {"hb":(24.955,37.886), "hs":(27.055,45.425), "cb":(168.960,253.750), "cs":(352.290,482.500)},
    1982: {"hb":(25.004,35.706), "hs":(28.329,47.485), "cb":(169.790,235.415), "cs":(335.625,468.750)},
    2048: {"hb":(22.330,33.187), "hs":(26.711,46.100), "cb":(151.665,264.585), "cs":(352.290,513.960)},
    2117: {"hb":(25.446,36.033), "hs":(30.613,50.215), "cb":(156.460,258.330), "cs":(327.085,510.000)},
    2188: {"hb":(25.686,36.593), "hs":(30.752,49.337), "cb":(163.955,303.960), "cs":(330.835,536.460)},
    2261: {"hb":(26.308,35.028), "hs":(28.633,47.483), "cb":(170.210,279.795), "cs":(323.750,519.165)},
    2337: {"hb":(26.698,36.544), "hs":(29.113,48.597), "cb":(175.415,325.000), "cs":(321.040,526.045)},
    2415: {"hb":(27.159,35.214), "hs":(29.181,48.824), "cb":(159.795,267.500), "cs":(358.540,616.460)},
    2497: {"hb":(26.976,35.597), "hs":(26.949,46.312), "cb":(180.625,280.835), "cs":(382.920,514.580)},
    2580: {"hb":(24.441,38.069), "hs":(28.847,47.879), "cb":(177.085,286.045), "cs":(302.915,511.250)},
    2667: {"hb":(25.633,36.282), "hs":(29.261,47.281), "cb":(168.750,292.085), "cs":(342.710,507.500)},
    2756: {"hb":(25.078,37.256), "hs":(28.327,48.594), "cb":(158.330,319.585), "cs":(337.290,524.165)},
    2849: {"hb":(26.729,37.410), "hs":(28.747,49.350), "cb":(169.375,373.750), "cs":(313.545,523.750)},
    2945: {"hb":(24.646,36.909), "hs":(28.746,48.940), "cb":(182.500,373.960), "cs":(397.920,549.795)},
    3043: {"hb":(27.071,36.182), "hs":(34.319,55.361), "cb":(198.125,307.295), "cs":(473.960,613.750)},
    3145: {"hb":(27.396,36.782), "hs":(29.383,50.602), "cb":(172.295,295.420), "cs":(375.205,603.335)},
    3251: {"hb":(29.304,38.660), "hs":(30.636,50.059), "cb":(176.250,301.670), "cs":(303.125,542.500)},
    3360: {"hb":(27.691,45.375), "hs":(31.347,55.154), "cb":(174.585,348.960), "cs":(363.125,629.375)},
    3473: {"hb":(28.728,40.212), "hs":(31.839,53.784), "cb":(180.625,351.040), "cs":(353.750,605.000)},
    3589: {"hb":(27.322,37.345), "hs":(31.372,65.481), "cb":(161.875,241.455), "cs":(380.000,472.500)},
    3710: {"hb":(25.284,39.546), "hs":(28.154,51.007), "cb":(181.875,248.125), "cs":(365.415,578.960)},
    3834: {"hb":(27.294,39.121), "hs":(34.455,55.605), "cb":(172.500,248.125), "cs":(312.085,516.250)},
    3963: {"hb":(25.995,41.285), "hs":(30.975,52.250), "cb":(164.795,226.875), "cs":(322.500,562.705)},
    4096: {"hb":(24.976,43.386), "hs":(29.528,60.544), "cb":(148.330,251.665), "cs":(299.170,523.125)},
    4233: {"hb":(32.605,44.069), "hs":(35.257,59.303), "cb":(185.000,351.250), "cs":(315.000,609.375)},
    4376: {"hb":(30.154,42.140), "hs":(37.942,51.917), "cb":(175.000,361.460), "cs":(339.165,689.375)},
    4522: {"hb":(29.202,46.257), "hs":(35.630,62.141), "cb":(204.165,400.210), "cs":(531.665,602.500)},
    4674: {"hb":(40.507,53.665), "hs":(33.582,70.612), "cb":(204.170,455.210), "cs":(407.085,663.125)},
    4831: {"hb":(29.805,43.603), "hs":(34.284,54.535), "cb":(179.580,406.460), "cs":(318.750,518.125)},
    4993: {"hb":(31.146,44.102), "hs":(33.154,56.590), "cb":(176.460,392.705), "cs":(408.335,557.915)},
    5161: {"hb":(29.472,44.821), "hs":(32.736,53.429), "cb":(161.670,442.500), "cs":(322.290,626.040)},
    5334: {"hb":(32.665,44.477), "hs":(36.323,62.020), "cb":(172.710,279.790), "cs":(332.085,658.545)},
    5513: {"hb":(33.766,42.170), "hs":(40.731,76.494), "cb":(166.875,261.045), "cs":(325.000,582.290)},
    5698: {"hb":(40.042,57.129), "hs":(37.465,60.629), "cb":(180.000,258.960), "cs":(488.540,796.665)},
    5889: {"hb":(33.870,53.967), "hs":(36.486,64.570), "cb":(173.750,280.625), "cs":(351.875,614.795)},
    6087: {"hb":(39.087,57.938), "hs":(39.257,56.433), "cb":(184.585,415.210), "cs":(316.040,653.335)},
    6291: {"hb":(39.928,57.086), "hs":(39.234,62.271), "cb":(182.290,444.585), "cs":(437.710,600.000)},
    6502: {"hb":(34.578,48.745), "hs":(40.616,59.170), "cb":(177.085,479.165), "cs":(347.705,662.705)},
    6720: {"hb":(37.206,50.718), "hs":(36.577,70.569), "cb":(198.960,371.670), "cs":(392.290,666.250)},
    6946: {"hb":(37.946,50.968), "hs":(38.282,57.143), "cb":(184.170,426.665), "cs":(363.750,660.625)},
    7179: {"hb":(31.975,47.355), "hs":(36.257,63.220), "cb":(216.460,281.455), "cs":(382.085,547.710)},
    7420: {"hb":(31.198,51.413), "hs":(41.177,70.128), "cb":(196.250,274.580), "cs":(413.750,597.500)},
    7669: {"hb":(31.176,65.523), "hs":(38.384,70.446), "cb":(170.205,253.750), "cs":(414.585,600.625)},
    7926: {"hb":(34.860,62.069), "hs":(35.971,58.945), "cb":(191.665,270.415), "cs":(351.665,625.420)},
    8192: {"hb":(37.355,60.430), "hs":(37.780,70.379), "cb":(170.420,263.960), "cs":(362.080,576.040)},
}
