1
2
3
4
5
6
7
8
9
10
11
12
13
14
15
16
17
18
19
20
21
22
23
24
25
26
27
28
29
30
31
32
33
34
35
37
38
39
40
42
43
45
46
48
49
51
53
54
56
58
60
62
64
66
68
71
73
75
78
81
83
86
89
92
95
98
102
105
109
112
116
120
124
128
132
137
141
146
151
156
161
167
172
178
184
190
197
203
210
217
224
232
240
248
256
265
273
283
292
302
312
323
333
345
356
368
380
393
406
420
434
449
464
479
495
512
529
547
565
584
604
624
645
667
689
712
736
761
786
813
840
868
897
927
959
991
1024
1058
1094
1131
1169
1208
1248
1290
1333
1378
1424
1472
1522
1573
1625
1680
1736
1795
1855
1917
1982
2048
2117
2188
2261
2337
2415
2497
2580
2667
2756
2849
2945
3043
3145
3251
3360
3473
3589
3710
3834
3963
4096
4233
4376
4522
4674
4831
4993
5161
5334
5513
5698
5889
6087
6291
6502
6720
6946
7179
7420
7669
7926
8192
