=== M4 Max F vs F* sweep medians (5 runs, 2026-05-19) ===
    n     F.hb   Fs.hb     d%     F.hs   Fs.hs     d%     F.cb   Fs.cb     d%     F.cs   Fs.cs     d%
   64    10.35    8.58  -17.1    12.56   10.38  -17.3   120.20  100.20  -16.6   335.62  186.88  -44.3
   67    11.74    9.68  -17.5    14.01   11.07  -21.0   113.33  103.54   -8.6   264.17  201.67  -23.7
   70    13.20    9.72  -26.4    14.37   11.96  -16.8   124.80  108.33  -13.2   293.54  310.00   +5.6
   74    13.74   11.13  -19.0    16.10   12.38  -23.1   123.54  104.17  -15.7   368.33  268.12  -27.2
   77    13.15   11.59  -11.9    15.30   13.15  -14.1   122.70  109.79  -10.5   349.38  322.71   -7.6
   81    15.49   12.36  -20.2    15.93   13.74  -13.7   136.25  110.00  -19.3   266.88  218.96  -18.0
   85    17.02   13.07  -23.2    16.51   14.10  -14.6   153.34  122.92  -19.8   285.62  206.46  -27.7
   89    15.96   13.89  -13.0    18.16   15.63  -13.9   127.50  105.83  -17.0   333.12  284.38  -14.6
   93    16.68   14.88  -10.8    18.35   16.01  -12.7   137.91  109.38  -20.7   296.45  261.25  -11.9
   98    18.63   15.47  -17.0    18.93   16.56  -12.5   136.25  126.25   -7.3   365.62  320.21  -12.4
  102    20.08   16.12  -19.7    18.87   17.28   -8.4   158.34  128.12  -19.1   274.17  310.42  +13.2
  107    19.45   17.46  -10.3    20.16   18.13  -10.1   182.50  127.50  -30.1   378.12  396.67   +4.9
  113    20.35   18.57   -8.8    21.20   19.42   -8.4   157.71  128.96  -18.2   283.96  218.34  -23.1
  118    21.00   19.49   -7.2    22.83   19.22  -15.8   187.71  135.62  -27.7   291.25  365.20  +25.4
  124    24.41   19.73  -19.2    23.56   20.70  -12.1   249.38  185.00  -25.8   317.71  298.12   -6.2
  130    15.42   10.16  -34.1    16.22   12.11  -25.3   141.46  130.84   -7.5   286.67  278.54   -2.8
  136    14.75   10.47  -29.0    18.11   13.00  -28.2   133.96  129.59   -3.3   376.67  303.95  -19.3
  143    15.70   11.57  -26.3    17.42   13.37  -23.3   129.16  130.62   +1.1   294.79  328.54  +11.4
  150    17.34   12.22  -29.5    21.24   15.21  -28.4   142.71  132.09   -7.4   272.50  320.00  +17.4
  157    17.57   14.02  -20.2    18.98   14.79  -22.1   132.91  122.08   -8.2   346.25  319.79   -7.6
  164    17.91   14.02  -21.7    20.42   15.40  -24.6   138.12  121.04  -12.4   293.75  278.12   -5.3
  172    18.93   14.55  -23.1    21.84   16.23  -25.7   186.46  146.46  -21.5   271.46  254.38   -6.3
  181    20.03   15.51  -22.5    23.08   16.99  -26.4   190.84  161.46  -15.4   297.70  285.42   -4.1
  189    21.11   16.23  -23.1    23.01   18.01  -21.7   152.29  165.41   +8.6   315.00  295.00   -6.3
  199    16.14   11.42  -29.3    18.74   13.32  -28.9   143.34  131.66   -8.1   265.21  264.80   -0.2
  208    20.21   12.23  -39.5    19.30   14.28  -26.0   125.62  127.08   +1.2   300.00  314.79   +4.9
  218    17.38   12.75  -26.6    19.88   15.08  -24.1   129.59  126.05   -2.7   328.33  360.20   +9.7
  229    19.17   13.60  -29.1    21.64   15.66  -27.6   142.50  135.62   -4.8   368.33  299.79  -18.6
  240    21.23   14.34  -32.5    22.59   16.45  -27.2   173.96  132.91  -23.6   358.75  311.46  -13.2
  252    21.67   15.43  -28.8    23.48   17.49  -25.5   175.21  190.00   +8.4   270.83  290.83   +7.4
  264    12.10   10.53  -13.0    14.31   13.07   -8.7   204.79  117.71  -42.5   321.46  249.59  -22.4
  277    12.82   11.52  -10.2    15.36   13.43  -12.6   163.75  120.21  -26.6   338.12  253.96  -24.9
  290    14.00   12.04  -14.0    15.67   14.38   -8.2   163.75  110.21  -32.7   415.00  257.08  -38.1
  304    14.98   13.45  -10.2    17.45   14.98  -14.1   195.21  120.83  -38.1   350.83  258.33  -26.4
  319    15.86   13.78  -13.1    17.48   16.21   -7.3   150.00  126.88  -15.4   392.08  285.62  -27.2
  334    12.99   11.18  -14.0    15.04   13.62   -9.4   149.38  118.96  -20.4   417.50  405.20   -2.9
  350    13.36   12.34   -7.6    16.18   14.24  -11.9   156.25  123.12  -21.2   369.38  355.21   -3.8
  367    14.48   13.82   -4.6    16.98   15.28  -10.1   156.25  126.88  -18.8   405.62  262.92  -35.2
  385    12.94   11.63  -10.1    16.10   14.08  -12.5   151.04  120.21  -20.4   278.33  240.00  -13.8
  403    13.42   12.32   -8.1    16.00   14.41   -9.9   146.66  117.92  -19.6   319.80  232.09  -27.4
  423    14.94   12.88  -13.8    16.76   15.27   -8.8   169.16  125.62  -25.7   468.33  270.21  -42.3
  443    15.41   13.57  -12.0    17.67   15.93   -9.9   183.34  146.04  -20.3   417.29  316.04  -24.3
  465    14.19   11.81  -16.7    16.07   14.40  -10.4   170.41  129.58  -24.0   317.30  247.50  -22.0
  487    14.17   12.99   -8.3    17.38   14.80  -14.8   164.17  126.67  -22.8   419.79  265.00  -36.9
  511    15.35   13.35  -13.0    18.04   15.65  -13.2   166.46  143.33  -13.9   374.80  258.33  -31.1
  535    13.58   11.95  -12.0    16.14   14.43  -10.6   144.59  116.45  -19.5   448.54  232.50  -48.2
  561    14.01   13.42   -4.2    17.30   15.48  -10.5   164.59  118.33  -28.1   303.12  240.62  -20.6
  588    14.67   12.40  -15.5    17.07   15.03  -12.0   168.96  122.30  -27.6   334.17  247.92  -25.8
  617    15.50   13.06  -15.8    18.14   15.65  -13.7   157.71  132.09  -16.2   290.21  256.04  -11.8
  647    14.17   12.44  -12.2    16.89   15.20  -10.0   139.38  126.88   -9.0   304.38  242.91  -20.2
  678    15.27   13.13  -14.0    18.13   15.72  -13.3   152.29  122.92  -19.3   294.79  231.25  -21.6
  711    15.17   12.66  -16.6    17.44   15.92   -8.7   176.88  138.75  -21.6   399.38  307.08  -23.1
  745    16.05   13.70  -14.6    17.91   16.34   -8.8   170.21  142.50  -16.3   294.38  328.54  +11.6
  781    14.61   12.52  -14.3    16.96   15.00  -11.6   150.83  133.12  -11.7   446.88  401.67  -10.1
  819    14.86   13.68   -7.9    17.68   15.96   -9.7   137.29  122.29  -10.9   353.54  253.96  -28.2
  858    14.42   12.95  -10.2    17.44   15.30  -12.3   143.12  144.58   +1.0   396.46  273.75  -31.0
  899    14.72   12.75  -13.4    17.37   15.52  -10.7   161.46  141.46  -12.4   342.70  278.75  -18.7
  943    15.59   13.46  -13.7    18.87   16.84  -10.7   144.58  126.04  -12.8   353.54  241.04  -31.8
  988    15.50   14.27   -8.0    18.73   16.34  -12.8   158.12  134.59  -14.9   486.45  225.00  -53.7
 1036    14.49   12.78  -11.8    17.31   15.37  -11.2   141.04  122.92  -12.9   444.17  273.96  -38.3
 1086    15.60   13.61  -12.7    18.00   16.29   -9.5   153.96  136.46  -11.4   448.54  252.08  -43.8
 1138    17.29   13.58  -21.4    19.29   17.24  -10.6   165.21  137.29  -16.9   357.30  246.04  -31.1
 1193    16.45   14.46  -12.1    19.02   16.84  -11.5   142.91  138.75   -2.9   445.62  378.12  -15.1
 1251    16.27   14.21  -12.7    19.04   16.96  -10.9   157.29  138.96  -11.7   320.42  255.41  -20.3
 1311    16.34   13.23  -19.0    18.33   16.58   -9.6   145.62  129.79  -10.9   460.42  318.33  -30.9
 1374    16.48   13.93  -15.5    19.06   17.01  -10.8   183.96  142.29  -22.7   318.75  291.04   -8.7
 1441    16.47   14.83  -10.0    19.38   17.11  -11.7   175.84  160.00   -9.0   340.42  277.92  -18.4
 1510    16.40   13.40  -18.3    18.72   16.42  -12.3   168.33  130.21  -22.6   343.12  274.38  -20.0
 1583    18.17   15.18  -16.5    19.64   17.30  -11.9   171.67  126.46  -26.3   435.42  252.71  -42.0
 1659    17.37   14.52  -16.4    20.76   18.17  -12.5   162.29  166.04   +2.3   319.17  262.71  -17.7
 1739    17.38   13.89  -20.1    19.17   17.00  -11.3   171.04  135.21  -21.0   339.38  463.12  +36.5
 1823    16.74   14.56  -13.0    19.31   17.69   -8.4   171.46  149.16  -13.0   367.50  296.05  -19.4
 1911    16.35   14.08  -13.9    19.16   16.96  -11.5   153.54  138.12  -10.0   432.29  253.96  -41.3
 2003    16.45   14.67  -10.8    19.58   16.77  -14.3   174.59  138.34  -20.8   439.17  251.46  -42.7
 2100    16.50   14.09  -14.6    19.65   16.95  -13.7   157.09  130.84  -16.7   442.29  256.67  -42.0
 2201    17.07   14.54  -14.8    20.29   17.71  -12.7   162.08  134.59  -17.0   461.67  299.17  -35.2
 2307    16.63   14.75  -11.3    20.13   17.09  -15.1   169.16  141.04  -16.6   337.71  259.38  -23.2
 2418    17.28   15.11  -12.6    20.18   17.92  -11.2   171.25  132.09  -22.9   463.33  412.50  -11.0
 2535    17.07   14.40  -15.6    19.87   17.55  -11.7   176.67  159.59   -9.7   315.83  255.41  -19.1
 2657    18.30   15.34  -16.2    21.23   18.23  -14.1   180.41  153.54  -14.9   465.42  364.79  -21.6
 2785    17.57   14.88  -15.3    20.68   17.77  -14.1   152.50  137.50   -9.8   351.46  283.12  -19.4
 2920    17.70   14.55  -17.8    19.72   18.02   -8.6   177.09  137.50  -22.4   465.62  294.80  -36.7
 3061    18.81   15.12  -19.6    21.31   18.39  -13.7   168.54  143.33  -15.0   314.80  347.30  +10.3
 3208    18.89   15.22  -19.4    20.84   18.11  -13.1   169.17  150.00  -11.3   345.83  271.04  -21.6
 3363    17.74   14.62  -17.6    21.05   17.89  -15.0   172.29  137.91  -20.0   455.00  261.25  -42.6
 3525    17.95   14.90  -17.0    20.71   17.51  -15.4   180.41  147.91  -18.0   325.42  254.79  -21.7
 3695    19.33   15.84  -18.1    22.81   20.89   -8.4   174.38  140.21  -19.6   509.17  255.62  -49.8
 3873    18.84   15.66  -16.9    21.26   18.31  -13.9   178.34  152.50  -14.5   470.83  331.04  -29.7
 4060    19.18   15.46  -19.4    21.53   18.88  -12.3   177.29  133.75  -24.6   365.21  329.38   -9.8
 4096    16.85   14.42  -14.4    20.49   17.11  -16.5   165.62  143.54  -13.3   298.75  268.75  -10.0

=== F* vs F summary (median across all sweep n) ===
  hot_bat    median delta  -15.3%   win/tie/loss = 90/0/0/90 min=-39.5% max=-4.2%
  hot_ser    median delta  -12.5%   win/tie/loss = 90/0/0/90 min=-28.9% max=-7.3%
  cold_bat   median delta  -16.3%   win/tie/loss = 84/0/6/90 min=-42.5% max=+8.6%
  cold_ser   median delta  -20.0%   win/tie/loss = 77/1/12/90 min=-53.7% max=+36.5%

# paste into plot.py:
m4_sweep = {
    64: {"hb":(10.350,8.582), "hs":(12.562,10.384), "cb":(120.205,100.205), "cs":(335.625,186.875)},
    67: {"hb":(11.742,9.682), "hs":(14.014,11.072), "cb":(113.335,103.540), "cs":(264.165,201.670)},
    70: {"hb":(13.200,9.718), "hs":(14.373,11.958), "cb":(124.795,108.335), "cs":(293.540,310.000)},
    74: {"hb":(13.740,11.132), "hs":(16.101,12.381), "cb":(123.540,104.170), "cs":(368.335,268.125)},
    77: {"hb":(13.152,11.590), "hs":(15.299,13.149), "cb":(122.705,109.790), "cs":(349.375,322.710)},
    81: {"hb":(15.489,12.363), "hs":(15.928,13.742), "cb":(136.250,110.000), "cs":(266.875,218.960)},
    85: {"hb":(17.019,13.075), "hs":(16.507,14.103), "cb":(153.335,122.915), "cs":(285.625,206.460)},
    89: {"hb":(15.965,13.890), "hs":(18.163,15.630), "cb":(127.500,105.830), "cs":(333.125,284.375)},
    93: {"hb":(16.678,14.878), "hs":(18.350,16.015), "cb":(137.915,109.375), "cs":(296.455,261.250)},
    98: {"hb":(18.633,15.469), "hs":(18.931,16.561), "cb":(136.250,126.250), "cs":(365.625,320.210)},
    102: {"hb":(20.082,16.121), "hs":(18.866,17.281), "cb":(158.335,128.125), "cs":(274.170,310.415)},
    107: {"hb":(19.450,17.455), "hs":(20.164,18.128), "cb":(182.500,127.500), "cs":(378.125,396.670)},
    113: {"hb":(20.351,18.570), "hs":(21.201,19.424), "cb":(157.710,128.955), "cs":(283.960,218.335)},
    118: {"hb":(21.003,19.493), "hs":(22.827,19.219), "cb":(187.710,135.625), "cs":(291.250,365.205)},
    124: {"hb":(24.414,19.733), "hs":(23.556,20.698), "cb":(249.375,185.000), "cs":(317.710,298.125)},
    130: {"hb":(15.416,10.156), "hs":(16.218,12.115), "cb":(141.455,130.835), "cs":(286.670,278.540)},
    136: {"hb":(14.749,10.474), "hs":(18.106,13.002), "cb":(133.960,129.585), "cs":(376.670,303.955)},
    143: {"hb":(15.704,11.567), "hs":(17.424,13.373), "cb":(129.165,130.625), "cs":(294.790,328.540)},
    150: {"hb":(17.339,12.216), "hs":(21.235,15.207), "cb":(142.710,132.085), "cs":(272.500,320.000)},
    157: {"hb":(17.566,14.019), "hs":(18.977,14.787), "cb":(132.915,122.080), "cs":(346.250,319.790)},
    164: {"hb":(17.915,14.019), "hs":(20.417,15.400), "cb":(138.125,121.040), "cs":(293.750,278.125)},
    172: {"hb":(18.926,14.549), "hs":(21.837,16.226), "cb":(186.455,146.455), "cs":(271.460,254.375)},
    181: {"hb":(20.027,15.511), "hs":(23.077,16.993), "cb":(190.835,161.460), "cs":(297.705,285.415)},
    189: {"hb":(21.107,16.232), "hs":(23.009,18.015), "cb":(152.290,165.415), "cs":(315.000,295.000)},
    199: {"hb":(16.144,11.416), "hs":(18.739,13.325), "cb":(143.335,131.665), "cs":(265.210,264.795)},
    208: {"hb":(20.214,12.228), "hs":(19.301,14.282), "cb":(125.625,127.080), "cs":(300.000,314.790)},
    218: {"hb":(17.378,12.750), "hs":(19.877,15.079), "cb":(129.585,126.045), "cs":(328.330,360.205)},
    229: {"hb":(19.174,13.599), "hs":(21.635,15.656), "cb":(142.500,135.625), "cs":(368.335,299.790)},
    240: {"hb":(21.226,14.336), "hs":(22.592,16.450), "cb":(173.960,132.915), "cs":(358.750,311.460)},
    252: {"hb":(21.673,15.429), "hs":(23.480,17.486), "cb":(175.210,190.000), "cs":(270.835,290.830)},
    264: {"hb":(12.100,10.527), "hs":(14.309,13.070), "cb":(204.790,117.710), "cs":(321.460,249.585)},
    277: {"hb":(12.825,11.517), "hs":(15.360,13.427), "cb":(163.750,120.210), "cs":(338.125,253.960)},
    290: {"hb":(13.998,12.044), "hs":(15.668,14.380), "cb":(163.750,110.210), "cs":(415.000,257.080)},
    304: {"hb":(14.977,13.452), "hs":(17.448,14.979), "cb":(195.205,120.835), "cs":(350.835,258.335)},
    319: {"hb":(15.860,13.784), "hs":(17.483,16.210), "cb":(150.000,126.875), "cs":(392.080,285.625)},
    334: {"hb":(12.991,11.176), "hs":(15.035,13.619), "cb":(149.375,118.960), "cs":(417.500,405.205)},
    350: {"hb":(13.365,12.345), "hs":(16.177,14.245), "cb":(156.250,123.125), "cs":(369.375,355.210)},
    367: {"hb":(14.481,13.821), "hs":(16.982,15.275), "cb":(156.250,126.875), "cs":(405.625,262.915)},
    385: {"hb":(12.944,11.632), "hs":(16.099,14.084), "cb":(151.040,120.210), "cs":(278.335,240.000)},
    403: {"hb":(13.418,12.325), "hs":(16.000,14.412), "cb":(146.665,117.915), "cs":(319.795,232.085)},
    423: {"hb":(14.935,12.879), "hs":(16.755,15.274), "cb":(169.165,125.625), "cs":(468.335,270.210)},
    443: {"hb":(15.412,13.568), "hs":(17.668,15.926), "cb":(183.335,146.045), "cs":(417.290,316.040)},
    465: {"hb":(14.185,11.815), "hs":(16.072,14.399), "cb":(170.415,129.580), "cs":(317.295,247.500)},
    487: {"hb":(14.166,12.993), "hs":(17.375,14.799), "cb":(164.170,126.665), "cs":(419.790,265.000)},
    511: {"hb":(15.350,13.348), "hs":(18.043,15.653), "cb":(166.460,143.330), "cs":(374.795,258.335)},
    535: {"hb":(13.579,11.953), "hs":(16.137,14.431), "cb":(144.585,116.455), "cs":(448.540,232.500)},
    561: {"hb":(14.010,13.424), "hs":(17.298,15.480), "cb":(164.585,118.330), "cs":(303.125,240.625)},
    588: {"hb":(14.673,12.398), "hs":(17.071,15.025), "cb":(168.955,122.295), "cs":(334.165,247.920)},
    617: {"hb":(15.503,13.057), "hs":(18.141,15.650), "cb":(157.705,132.085), "cs":(290.210,256.040)},
    647: {"hb":(14.168,12.437), "hs":(16.891,15.197), "cb":(139.375,126.875), "cs":(304.375,242.915)},
    678: {"hb":(15.268,13.133), "hs":(18.132,15.723), "cb":(152.295,122.920), "cs":(294.790,231.250)},
    711: {"hb":(15.171,12.658), "hs":(17.444,15.918), "cb":(176.875,138.750), "cs":(399.375,307.085)},
    745: {"hb":(16.054,13.704), "hs":(17.906,16.335), "cb":(170.210,142.500), "cs":(294.375,328.540)},
    781: {"hb":(14.614,12.522), "hs":(16.965,15.003), "cb":(150.830,133.125), "cs":(446.875,401.665)},
    819: {"hb":(14.857,13.682), "hs":(17.678,15.963), "cb":(137.295,122.290), "cs":(353.540,253.955)},
    858: {"hb":(14.424,12.948), "hs":(17.439,15.296), "cb":(143.125,144.580), "cs":(396.460,273.750)},
    899: {"hb":(14.722,12.754), "hs":(17.372,15.517), "cb":(161.460,141.455), "cs":(342.705,278.750)},
    943: {"hb":(15.593,13.459), "hs":(18.866,16.841), "cb":(144.580,126.040), "cs":(353.540,241.045)},
    988: {"hb":(15.498,14.266), "hs":(18.729,16.339), "cb":(158.125,134.585), "cs":(486.455,225.000)},
    1036: {"hb":(14.491,12.778), "hs":(17.315,15.372), "cb":(141.040,122.915), "cs":(444.165,273.960)},
    1086: {"hb":(15.596,13.613), "hs":(17.997,16.295), "cb":(153.955,136.455), "cs":(448.540,252.080)},
    1138: {"hb":(17.285,13.584), "hs":(19.292,17.238), "cb":(165.210,137.290), "cs":(357.295,246.040)},
    1193: {"hb":(16.452,14.459), "hs":(19.023,16.841), "cb":(142.915,138.750), "cs":(445.625,378.125)},
    1251: {"hb":(16.273,14.208), "hs":(19.038,16.955), "cb":(157.290,138.960), "cs":(320.420,255.415)},
    1311: {"hb":(16.340,13.229), "hs":(18.331,16.579), "cb":(145.625,129.795), "cs":(460.415,318.335)},
    1374: {"hb":(16.484,13.930), "hs":(19.062,17.005), "cb":(183.960,142.290), "cs":(318.750,291.040)},
    1441: {"hb":(16.467,14.826), "hs":(19.377,17.106), "cb":(175.835,160.000), "cs":(340.420,277.915)},
    1510: {"hb":(16.401,13.404), "hs":(18.720,16.422), "cb":(168.330,130.210), "cs":(343.125,274.375)},
    1583: {"hb":(18.170,15.179), "hs":(19.644,17.301), "cb":(171.670,126.460), "cs":(435.415,252.710)},
    1659: {"hb":(17.367,14.520), "hs":(20.760,18.170), "cb":(162.290,166.045), "cs":(319.165,262.710)},
    1739: {"hb":(17.375,13.885), "hs":(19.173,16.999), "cb":(171.040,135.205), "cs":(339.375,463.125)},
    1823: {"hb":(16.741,14.562), "hs":(19.306,17.689), "cb":(171.455,149.165), "cs":(367.500,296.045)},
    1911: {"hb":(16.354,14.084), "hs":(19.163,16.961), "cb":(153.540,138.125), "cs":(432.290,253.960)},
    2003: {"hb":(16.448,14.667), "hs":(19.583,16.774), "cb":(174.585,138.335), "cs":(439.170,251.460)},
    2100: {"hb":(16.501,14.085), "hs":(19.651,16.950), "cb":(157.085,130.835), "cs":(442.290,256.665)},
    2201: {"hb":(17.073,14.542), "hs":(20.289,17.712), "cb":(162.080,134.585), "cs":(461.670,299.165)},
    2307: {"hb":(16.632,14.752), "hs":(20.134,17.094), "cb":(169.165,141.040), "cs":(337.710,259.375)},
    2418: {"hb":(17.284,15.110), "hs":(20.180,17.923), "cb":(171.250,132.085), "cs":(463.335,412.500)},
    2535: {"hb":(17.069,14.400), "hs":(19.869,17.550), "cb":(176.670,159.585), "cs":(315.835,255.415)},
    2657: {"hb":(18.303,15.340), "hs":(21.230,18.232), "cb":(180.415,153.545), "cs":(465.415,364.790)},
    2785: {"hb":(17.566,14.884), "hs":(20.682,17.773), "cb":(152.500,137.500), "cs":(351.460,283.125)},
    2920: {"hb":(17.702,14.552), "hs":(19.721,18.018), "cb":(177.085,137.500), "cs":(465.625,294.795)},
    3061: {"hb":(18.806,15.116), "hs":(21.308,18.395), "cb":(168.540,143.330), "cs":(314.795,347.295)},
    3208: {"hb":(18.887,15.223), "hs":(20.841,18.115), "cb":(169.170,150.000), "cs":(345.835,271.040)},
    3363: {"hb":(17.745,14.617), "hs":(21.051,17.895), "cb":(172.290,137.915), "cs":(455.000,261.250)},
    3525: {"hb":(17.948,14.901), "hs":(20.709,17.512), "cb":(180.415,147.915), "cs":(325.420,254.790)},
    3695: {"hb":(19.331,15.835), "hs":(22.805,20.890), "cb":(174.375,140.210), "cs":(509.170,255.625)},
    3873: {"hb":(18.836,15.658), "hs":(21.258,18.314), "cb":(178.335,152.500), "cs":(470.835,331.040)},
    4060: {"hb":(19.183,15.463), "hs":(21.532,18.875), "cb":(177.290,133.750), "cs":(365.210,329.375)},
    4096: {"hb":(16.853,14.421), "hs":(20.485,17.108), "cb":(165.625,143.540), "cs":(298.750,268.750)},
}
