5-run median of ./bench 4000 5000 on GV4 r8g, 2026-05-12, extended sweep (22 n values). Raw: fullsweep_run{1..5}.txt.

    n  | linear binary   simd    pi5   pi5s     m4    m4s    gv4   gv4s  warm  |  linear binary   simd    pi5   pi5s     m4    m4s    gv4   gv4s  cold
----------------------------------------------------------------------------------------------------------------------------------------------------------
    8  |   3.10  11.70   3.60   2.80   2.90   2.90   2.80   2.90   2.80  warm  |   6.50  13.70   6.20   2.60   2.70   2.60   2.60   2.60   2.60  cold
   11  |   4.10  13.10   4.70   5.40   5.40   5.30   5.40   5.40   5.50  warm  |   6.50  15.10   6.80   6.40   6.50   6.70   6.80   6.60   6.60  cold
   16  |   5.10  14.90   3.20   2.80   2.80   2.80   2.80   2.90   2.80  warm  |   8.50  17.20   3.10   2.60   2.80   2.60   2.80   2.60   2.60  cold
   23  |   7.20  16.60   8.00   6.60   6.70   6.70   6.80   6.60   6.80  warm  |   8.90  19.20   7.80   8.40   8.40   8.10   8.20   8.70   8.30  cold
   32  |   8.60  18.30   3.20   3.30   3.70   2.80   2.80   3.30   3.80  warm  |  11.00  21.70   3.30   3.30   4.10   2.60   2.70   3.50   3.90  cold
   47  |  11.60  20.10   8.60   9.00   9.30   7.90   8.00   8.90   9.30  warm  |  13.70  23.50   8.70   8.80   9.40   9.90   9.90   9.30   9.50  cold
   64  |  15.80  21.90   4.90   3.40   3.90   3.90   4.40   3.50   4.00  warm  |  16.80  26.20   5.30   4.00   4.50   4.70   5.20   4.00   4.40  cold
   89  |  21.50  23.40   7.10   8.90   9.40   9.20   9.60   8.80   9.50  warm  |  21.00  27.80   8.00   9.30  10.00   9.80  10.40   9.60  10.00  cold
  128  |  30.30  25.60   9.60   5.30   4.30   4.10   4.80   5.10   4.50  warm  |  29.20  31.40  10.80   6.70   6.00   5.80   6.50   6.80   6.10  cold
  177  |  40.80  27.20   8.60   7.80   6.50  10.80  11.40   7.60   6.50  warm  |  38.00  33.00  11.20  10.30   9.00  12.60  13.30  10.10   9.00  cold
  256  |  69.30  29.80   7.80  10.00   8.70   6.00   5.00   9.80   8.60  warm  |  54.50  36.50  11.30  14.00  10.60  10.20   9.50  13.40  10.60  cold
  256* | gv4_spine_256: warm 3.57  cold 6.99
  333  |  75.70  31.00  11.50   9.50   6.90   7.20   6.10   8.80   7.10  warm  |  69.30  38.20  16.40  14.70  11.80  12.60  11.20  13.70  12.00  cold
  512  | 116.90  34.50  15.30   8.60   6.00  10.60   9.40   7.90   6.20  warm  | 101.20  42.60  22.30  18.10  17.30  16.90  14.00  16.70  16.50  cold
  512* | gv4_spine_512: warm 4.73  cold 12.01
  617  | 139.20  35.50  12.30  12.60   8.10  13.00  12.10  11.40   8.20  warm  | 120.30  45.70  25.30  25.60  20.80  21.00  17.00  22.20  20.20  cold
 1001  | 233.20  39.00  12.20  12.40   8.00  11.50   9.00  11.20   8.00  warm  | 197.00  55.10  36.20  36.70  20.10  30.40  30.10  32.50  18.80  cold
 1024  | 235.40  39.00  11.20  15.90  13.10   9.00   6.80  15.60  13.40  warm  | 207.70  57.40  36.00  35.60  21.60  31.30  26.60  32.20  19.00  cold
 1024* | gv4_spine_1024: warm 4.93  cold 14.04
 1234  | 283.40  39.70  14.50  13.40   8.40  11.90   9.20  12.20   8.60  warm  | 243.80  61.50  39.70  39.70  24.90  33.40  33.10  37.50  19.80  cold
 1777  | 410.90  42.80  19.50  12.50   8.00  17.10  14.60  11.30   8.10  warm  | 352.60  77.10  52.80  48.90  24.30  42.90  26.60  42.50  24.30  cold
 2048  | 464.40  43.80  19.90  12.30   7.80  16.30  13.80  11.10   7.90  warm  | 419.60  86.20  58.80  52.90  25.40  47.50  25.40  43.20  23.20  cold
 2048* | gv4_spine_2048: warm 6.13  cold 18.27
 2999  | 676.60  45.40  15.10  19.20  13.30  12.20   9.50  18.20  13.30  warm  | 621.50 105.90  69.60  69.30  32.30  63.50  30.70  56.40  32.00  cold
 3967  | 889.10  48.20  15.20  21.40  16.30  12.30   9.60  20.50  16.40  warm  | 798.50 130.70  84.90  79.60  38.50  77.50  32.60  64.10  37.10  cold
 4096  | 903.90  48.40  15.20  20.90  16.00  11.70   9.00  20.00  16.30  warm  | 812.90 129.50  97.30  81.30  38.10  80.70  31.10  62.70  37.50  cold
 4096* | gv4_spine_4096: warm 7.00  cold 27.24
