5-run medians of ./bench 4000 5000 on Pi 5 (Cortex-A76), 2026-05-12.
Raw outputs: pi5_runs/hybrid_run{1..5}.txt.

Main bench (9 ARM columns). ns/query.

    n | linear binary   simd    pi5   pi5s     m4    m4s    gv4   gv4s  warm   |  linear binary   simd    pi5   pi5s     m4    m4s    gv4   gv4s  cold
----------------------------------------------------------------------------------------------------------------------------------------------------------------
    8 |  10.80  20.70  11.10   6.60   5.50   6.40   7.20   4.50   6.30  warm   |  28.30  33.10  18.00   8.30   9.30   9.30   8.60   8.20   8.90  cold
   11 |  12.40  25.00  11.40  12.90  13.10  11.50  11.20  10.50  10.80  warm   |  31.50  34.30  20.80  16.10  15.60  16.50  16.70  15.10  13.40  cold
   16 |  14.80  26.00   8.60   4.90   5.60   5.90   6.00   4.70   4.80  warm   |  34.60  39.30  16.20  12.80  11.50  10.40   8.30  18.10   9.20  cold
   23 |  17.50  24.10  13.60  10.80  12.40  16.40  16.20  15.80  16.10  warm   |  42.90  49.40  24.00  21.00  21.50  20.40  19.50  21.50  20.80  cold
   32 |  31.20  37.80  13.00  10.60   6.60   5.70   5.70   7.60   7.70  warm   |  48.60  36.50  14.50  12.70  12.30  12.10  11.90  11.50  10.10  cold
   47 |  27.80  30.00  26.30  23.10  18.40  17.80  18.60  22.40  18.00  warm   |  66.90  63.00  33.80  28.40  24.40  30.90  28.50  27.20  22.40  cold
   64 |  56.00  48.10  18.00  15.40  13.40  13.90   9.50  15.60  14.20  warm   |  55.00  50.90  20.00  15.30  15.80  17.70  16.60  13.90  13.50  cold
   89 |  51.10  34.80  17.60  18.70  18.90  17.10  15.70  18.30  18.30  warm   |  56.20  51.20  20.20  20.90  21.30  19.30  17.60  21.20  20.70  cold
  128 |  71.20  38.40  15.10  13.90  13.40  17.80  14.50  15.10  13.20  warm   |  85.60  81.20  50.70  45.00  56.60  33.90  29.30  30.30  30.80  cold
  177 | 118.80  58.50  27.10  19.60  15.50  23.40  23.10  18.30  15.50  warm   | 106.60  80.10  65.50  60.20  67.20  63.50  50.10  44.50  44.50  cold
  256 | 157.70  47.20  18.10  16.80  13.10  14.10  12.90  17.00  13.10  warm   | 157.70 106.10  82.10  72.30  61.00  66.30  71.60  64.30  59.50  cold
  333 | 178.40  47.70  22.60  21.20  16.10  19.00  15.70  19.90  16.00  warm   | 219.20 141.00 157.00 123.60 119.10 104.50 104.00 101.10 100.60  cold
  512 | 283.10  62.20  29.10  24.60  22.50  26.40  14.90  19.50  14.80  warm   | 287.80 156.50 157.20 131.60 120.60 107.70  65.40 140.30  88.60  cold
  617 | 349.40  61.80  28.00  27.40  20.10  23.90  19.90  25.40  20.10  warm   | 357.60 174.70 209.40 200.80 146.00 159.10 109.50 162.40 119.50  cold
 1001 | 573.50  57.10  27.70  27.20  20.10  28.20  23.50  30.50  21.30  warm   | 578.20 192.40 208.40 183.70  94.20 176.90 134.40 178.80  70.20  cold
 1024 | 556.00  57.20  24.30  23.20  17.50  20.40  16.90  22.30  17.30  warm   | 566.50 208.60 189.00 164.30 121.20 173.40 120.80 175.60 101.80  cold
 1234 | 673.70  60.10  30.60  30.40  22.60  27.00  22.00  28.90  23.90  warm   | 821.10 258.00 250.90 291.70 118.90 242.00 172.40 259.50 125.30  cold
 1777 | 938.10  61.90  30.70  27.30  20.00  28.00  23.30  25.40  20.00  warm   | 807.70 245.80 261.30 211.00 139.70 205.30 134.70 224.80 144.40  cold
 2048 | 1090.60  62.90  27.60  27.00  19.80  23.90  19.60  25.20  19.70  warm   | 915.70 253.30 233.10 220.70 143.80 217.80 135.10 202.60 137.80  cold
 2999 | 1573.40  66.70  31.60  34.00  25.00  27.50  22.40  31.90  24.90  warm   | 1292.50 286.20 278.20 292.70 170.80 292.50 166.20 296.40 156.60  cold
 3967 | 2055.70  68.20  31.10  33.50  25.00  27.50  22.50  32.00  24.80  warm   | 1680.80 315.60 292.10 305.00 152.60 262.70 145.10 284.00 148.40  cold
 4096 | 2195.80  68.90  31.20  32.40  24.50  27.70  21.80  28.90  22.50  warm   | 1788.90 317.20 321.50 323.10 147.30 266.70 146.90 277.00 147.10  cold

Pi 5 compile-time spine specializations (pi5_spine_N vs pi5_spine):
    n  pi5_spine warm/cold        pi5_spine_N warm/cold        delta warm  delta cold
  256   13.10 /  61.00            9.96 /  86.58            -24.0%      +41.9%
  512   22.50 / 120.60           12.27 /  86.31            -45.5%      -28.4%
 1024   17.50 / 121.20           12.62 / 118.31            -27.9%       -2.4%
 2048   19.80 / 143.80           14.89 / 104.51            -24.8%      -27.3%
 4096   24.50 / 147.30           17.75 / 136.75            -27.6%       -7.2%

Pi 5 n=4096 hybrid vs unroll A/B (what the ship call hinges on):
    unroll: warm 23.36  cold 132.11
    hybrid: warm 19.42  cold 140.94
    delta : warm -16.9%  cold +6.7%
    warm hybrid < unroll on 5/5 runs
    per-run unroll warms: 23.12 23.36 34.75 34.80 23.05
    per-run hybrid warms: 15.97 19.42 23.81 23.88 15.91
    per-run unroll colds: 132.11 107.83 189.11 168.27 107.62
    per-run hybrid colds: 140.94 132.56 155.41 214.03 104.08
