=== Pi 5 F vs F* sweep medians (5 runs, 100x200, 2026-05-19) ===
    n     F.hb   Fs.hb     d%     F.hs   Fs.hs     d%     F.cb   Fs.cb     d%     F.cs   Fs.cs     d%
   64   129.20  117.31   -9.2   171.29  140.44  -18.0   665.92  570.00  -14.4   696.48  700.55   +0.6
   67   129.31  149.42  +15.6   128.42  116.99   -8.9   676.85  590.93  -12.7   754.63  712.59   -5.6
   70   124.47  120.64   -3.1   129.62  122.33   -5.6   683.70  617.78   -9.6   692.96  952.77  +37.5
   74   125.24  119.94   -4.2   127.23  122.10   -4.0   787.40  622.22  -21.0  1034.07 1106.47   +7.0
   77   135.33  126.60   -6.4   136.53  129.32   -5.3   684.44  639.44   -6.6   728.33  832.77  +14.3
   81   131.16  125.41   -4.4   134.05  128.70   -4.0   702.22  645.37   -8.1  1090.55 1090.18   -0.0
   85   132.54  134.80   +1.7   143.23  134.30   -6.2  1005.93  771.66  -23.3  1047.58  975.92   -6.8
   89   139.93  142.61   +1.9   139.97  131.22   -6.3   696.66  686.85   -1.4   732.04  870.55  +18.9
   93   139.79  143.64   +2.8   136.90  137.74   +0.6   843.34  799.82   -5.2   737.03  741.48   +0.6
   98   148.11  143.49   -3.1   143.93  139.73   -2.9   724.44  732.21   +1.1   840.74 1115.18  +32.6
  102   144.95  140.28   -3.2   149.69  144.50   -3.5  1072.97  749.07  -30.2  1084.81 1160.37   +7.0
  107   147.12  139.46   -5.2   145.92  142.37   -2.4   762.23  826.29   +8.4   774.99  797.96   +3.0
  113   153.95  148.99   -3.2   152.65  149.16   -2.3   881.30  901.11   +2.2   787.22  772.22   -1.9
  118   152.68  148.00   -3.1   200.47  198.77   -0.8   726.47  872.03  +20.0   782.59 1007.96  +28.8
  124   156.41  149.34   -4.5   154.00  154.84   +0.5   750.92  765.74   +2.0  1013.14 1062.40   +4.9
  130   160.96  145.12   -9.8   162.09  144.71  -10.7   968.33  994.81   +2.7   995.92 1001.84   +0.6
  136   159.45  142.87  -10.4   158.89  145.69   -8.3   761.12  938.33  +23.3   784.81  807.04   +2.8
  143   159.44  147.84   -7.3   161.44  149.24   -7.6   790.92 1059.25  +33.9   807.59  816.29   +1.1
  150   161.15  131.21  -18.6   166.76  162.19   -2.7   900.74  852.22   -5.4   892.41  827.22   -7.3
  157   165.66  145.80  -12.0   167.69  154.36   -8.0   891.11  927.96   +4.1   805.73  801.11   -0.6
  164   172.63  160.62   -7.0   167.60  153.33   -8.5  1081.47  862.95  -20.2   831.66  823.70   -1.0
  172   163.25  150.73   -7.7   165.33  154.99   -6.3   888.14  881.30   -0.8   865.00  816.11   -5.7
  181   166.31  150.93   -9.2   170.25  201.07  +18.1   930.56  768.89  -17.4   843.15  818.33   -2.9
  189   166.78  149.78  -10.2   170.69  160.01   -6.3   846.11 1137.40  +34.4   881.66  836.84   -5.1
  199   168.40  146.00  -13.3   212.17  191.78   -9.6   848.89  859.07   +1.2   879.26  893.33   +1.6
  208   168.56  156.82   -7.0   172.19  183.11   +6.3  1219.62  848.34  -30.4   838.89  825.18   -1.6
  218   173.69  159.55   -8.1   174.42  157.84   -9.5   847.59  848.71   +0.1   978.51  991.84   +1.4
  229   171.21  157.29   -8.1   174.00  166.70   -4.2  1287.95 1004.62  -22.0   840.55  862.96   +2.7
  240   171.71  161.21   -6.1   172.07  166.51   -3.2   846.11  832.77   -1.6   847.41 1124.62  +32.7
  252   176.67  159.56   -9.7   179.92  174.89   -2.8   885.37  893.69   +0.9   952.40  955.73   +0.3
  264   169.42  165.90   -2.1   173.69  164.28   -5.4   901.30  883.51   -2.0   832.03  901.11   +8.3
  277   169.60  155.41   -8.4   256.75  238.79   -7.0  1270.73  775.00  -39.0   963.51  909.81   -5.6
  290   175.78  167.81   -4.5   175.49  168.09   -4.2  1182.77  831.29  -29.7  1029.63  903.88  -12.2
  304   177.41  168.57   -5.0   176.80  162.16   -8.3   874.81  808.71   -7.6   892.41  845.74   -5.2
  319   175.02  164.75   -5.9   179.05  163.13   -8.9   885.74  933.52   +5.4   899.07  909.62   +1.2
  334   178.93  165.87   -7.3   182.39  162.00  -11.2   868.33  962.40  +10.8  1115.00 1179.43   +5.8
  350   181.58  156.24  -14.0   185.33  189.87   +2.4  1210.73 1418.33  +17.1   952.59  936.66   -1.7
  367   203.09  182.92   -9.9   182.73  174.05   -4.7   850.93  845.37   -0.7  1209.62 1236.29   +2.2
  385   178.66  171.85   -3.8   264.01  250.04   -5.3   877.03  905.74   +3.3  1058.89  877.77  -17.1
  403   178.82  169.77   -5.1   183.78  163.10  -11.3   888.33 1254.44  +41.2   923.15  933.70   +1.1
  423   183.08  167.94   -8.3   185.17  172.79   -6.7   842.58  902.22   +7.1  1268.14 1022.22  -19.4
  443   181.83  173.51   -4.6   183.26  181.20   -1.1   994.26  900.37   -9.4  1064.63 1050.74   -1.3
  465   183.30  178.29   -2.7   192.98  182.19   -5.6   901.66  874.81   -3.0   931.48  919.25   -1.3
  487   185.82  181.58   -2.3   185.81  163.93  -11.8   886.86 1245.37  +40.4   987.03 1048.88   +6.3
  511   190.88  188.19   -1.4   186.23  182.36   -2.1   887.03  869.81   -1.9   926.66  934.25   +0.8
  535   183.17  162.10  -11.5   183.02  178.55   -2.4  1195.00 1060.92  -11.2   982.03 1081.47  +10.1
  561   183.92  178.88   -2.7   184.53  181.37   -1.7  1020.55 1000.92   -1.9  1487.58 1077.59  -27.6
  588   186.51  173.69   -6.9   187.56  183.13   -2.4  1023.51  904.44  -11.6  1030.37 1380.36  +34.0
  617   186.91  181.10   -3.1   188.74  187.40   -0.7   933.52  849.44   -9.0   941.10 1014.44   +7.8
  647   186.04  187.74   +0.9   196.99  200.45   +1.8   906.66  862.21   -4.9  1255.36 1374.80   +9.5
  678   186.74  184.65   -1.1   188.32  182.67   -3.0   916.11  905.37   -1.2   991.85 1144.06  +15.3
  711   188.08  175.99   -6.4   191.32  186.73   -2.4   927.95  896.11   -3.4   937.58  980.36   +4.6
  745   186.65  186.78   +0.1   185.50  177.94   -4.1   891.85  901.67   +1.1  1049.99 1294.25  +23.3
  781   200.96  230.14  +14.5   189.43  186.44   -1.6   919.63  890.55   -3.2   907.78 1047.03  +15.3
  819   188.62  175.11   -7.2   190.62  167.44  -12.2   959.25  911.66   -5.0  1228.32 1296.11   +5.5
  858   190.26  177.12   -6.9   191.61  184.06   -3.9   940.55  917.40   -2.5  1077.21  954.99  -11.3
  899   188.78  167.15  -11.5   191.11  170.57  -10.7   969.44  937.77   -3.3   976.10  991.85   +1.6
  943   188.68  175.34   -7.1   191.92  186.77   -2.7  1111.66  935.18  -15.9   908.14  896.47   -1.3
  988   190.28  188.29   -1.0   191.51  190.82   -0.4   933.14 1049.82  +12.5  1090.00 1030.74   -5.4
 1036   190.08  187.59   -1.3   191.15  171.28  -10.4   894.06 1001.48  +12.0   881.66  923.70   +4.8
 1086   210.25  216.00   +2.7   194.15  211.16   +8.8   919.07 1146.11  +24.7   941.10  915.00   -2.8
 1138   197.47  193.20   -2.2   224.34  220.54   -1.7  1479.81 1553.51   +5.0   974.07 1037.22   +6.5
 1193   194.17  177.03   -8.8   193.27  176.00   -8.9   953.52  944.25   -1.0   946.10  967.77   +2.3
 1251   199.64  199.66   +0.0   195.66  196.34   +0.3   958.51  940.74   -1.9  1076.10 1048.88   -2.5
 1311   193.32  189.57   -1.9   194.26  178.70   -8.0   950.17  918.14   -3.4  1037.21 1052.59   +1.5
 1374   194.07  187.91   -3.2   199.21  177.56  -10.9  1045.55 1117.40   +6.9   927.96  927.22   -0.1
 1441   202.95  206.89   +1.9   196.86  188.63   -4.2   861.48  859.26   -0.3  1082.03  966.29  -10.7
 1510   196.76  195.87   -0.5   195.29  187.54   -4.0  1028.52 1123.88   +9.3  1104.99 1214.99  +10.0
 1583   193.00  185.41   -3.9   195.95  187.37   -4.4  1016.66  945.37   -7.0   969.25  978.51   +1.0
 1659   200.04  200.14   +0.1   202.26  193.85   -4.2  1024.63 1045.92   +2.1  1002.95 1002.40   -0.1
 1739   200.89  192.36   -4.2   203.33  192.67   -5.2  1077.96 1037.77   -3.7  1008.70  984.07   -2.4
 1823   201.20  199.35   -0.9   198.18  190.59   -3.8  1025.74 1206.29  +17.6   998.51 1021.29   +2.3
 1911   303.53  290.17   -4.4   202.25  191.19   -5.5  1035.37 1057.40   +2.1  1006.48 1060.18   +5.3
 2003   200.73  194.28   -3.2   227.65  213.20   -6.3  1021.85 1025.92   +0.4  1006.29 1024.99   +1.9
 2100   281.79  278.58   -1.1   203.28  188.18   -7.4  1042.03 1058.52   +1.6  1059.44 1172.95  +10.7
 2201   201.07  194.70   -3.2   213.85  205.97   -3.7  1025.37 1029.26   +0.4  1151.10 1024.81  -11.0
 2307   204.85  194.55   -5.0   205.31  199.12   -3.0  1018.88 1036.11   +1.7  1022.03 1029.25   +0.7
 2418   201.38  195.01   -3.2   302.85  289.09   -4.5  1072.03 1303.51  +21.6  1294.43 1043.14  -19.4
 2535   201.51  195.59   -2.9   202.40  197.04   -2.6  1018.15 1051.11   +3.2  1062.22 1077.96   +1.5
 2657   201.30  196.51   -2.4   209.27  204.09   -2.5  1322.22 1320.19   -0.2  1165.92 1049.63  -10.0
 2785   207.31  195.73   -5.6   207.71  200.51   -3.5  1056.47 1046.10   -1.0  1474.43 1191.28  -19.2
 2920   208.04  198.94   -4.4   208.77  197.31   -5.5  1524.62 1596.85   +4.7  1083.70 1358.32  +25.3
 3061   214.58  196.93   -8.2   209.65  201.39   -3.9  1072.96 1038.70   -3.2  1018.33 1053.69   +3.5
 3208   211.47  207.58   -1.8   212.26  198.26   -6.6  1054.06 1068.14   +1.3  1007.03 1004.62   -0.2
 3363   210.90  196.27   -6.9   215.26  211.11   -1.9  1238.88 1076.10  -13.1  1026.11 1006.10   -2.0
 3525   211.09  199.24   -5.6   212.32  198.59   -6.5  1032.78 1034.44   +0.2  1052.03 1232.96  +17.2
 3695   213.73  207.42   -3.0   215.86  206.79   -4.2  1609.24 1528.88   -5.0  1304.25 1449.43  +11.1
 3873   215.70  213.58   -1.0   215.22  210.21   -2.3  1066.11 1081.29   +1.4  1058.51 1046.11   -1.2
 4060   212.03  205.53   -3.1   238.43  239.65   +0.5  1244.26 1182.03   -5.0  1113.14 1081.47   -2.8
 4096   214.66  201.34   -6.2   210.51  205.39   -2.4  1174.44 1115.00   -5.1  1059.25 1022.59   -3.5

=== F* vs F summary (median across all sweep n) ===
  hot_bat    median delta   -4.4%   win/tie/loss = 76/7/7/90 min=-18.6% max=+15.6%
  hot_ser    median delta   -4.2%   win/tie/loss = 78/7/5/90 min=-18.0% max=+18.1%
  cold_bat   median delta   -1.0%   win/tie/loss = 44/11/35/90 min=-39.0% max=+41.2%
  cold_ser   median delta   +1.1%   win/tie/loss = 32/13/45/90 min=-27.6% max=+37.5%

# paste into plot.py (or pi5_sweep_data.py):
pi5_sweep = {
    64: {"hb":(129.198,117.308), "hs":(171.290,140.440), "cb":(665.920,570.000), "cs":(696.480,700.550)},
    67: {"hb":(129.309,149.421), "hs":(128.418,116.993), "cb":(676.850,590.930), "cs":(754.630,712.590)},
    70: {"hb":(124.466,120.639), "hs":(129.618,122.325), "cb":(683.700,617.780), "cs":(692.960,952.770)},
    74: {"hb":(125.245,119.935), "hs":(127.229,122.105), "cb":(787.400,622.220), "cs":(1034.070,1106.470)},
    77: {"hb":(135.329,126.602), "hs":(136.527,129.324), "cb":(684.440,639.440), "cs":(728.330,832.770)},
    81: {"hb":(131.165,125.408), "hs":(134.054,128.700), "cb":(702.220,645.370), "cs":(1090.550,1090.180)},
    85: {"hb":(132.543,134.799), "hs":(143.231,134.299), "cb":(1005.930,771.660), "cs":(1047.580,975.920)},
    89: {"hb":(139.933,142.607), "hs":(139.970,131.219), "cb":(696.660,686.850), "cs":(732.040,870.550)},
    93: {"hb":(139.788,143.637), "hs":(136.902,137.737), "cb":(843.340,799.820), "cs":(737.030,741.480)},
    98: {"hb":(148.109,143.489), "hs":(143.931,139.731), "cb":(724.440,732.210), "cs":(840.740,1115.180)},
    102: {"hb":(144.951,140.279), "hs":(149.693,144.501), "cb":(1072.970,749.070), "cs":(1084.810,1160.370)},
    107: {"hb":(147.120,139.456), "hs":(145.921,142.369), "cb":(762.230,826.290), "cs":(774.990,797.960)},
    113: {"hb":(153.948,148.992), "hs":(152.649,149.161), "cb":(881.300,901.110), "cs":(787.220,772.220)},
    118: {"hb":(152.684,147.996), "hs":(200.474,198.770), "cb":(726.470,872.030), "cs":(782.590,1007.960)},
    124: {"hb":(156.408,149.343), "hs":(153.999,154.837), "cb":(750.920,765.740), "cs":(1013.140,1062.400)},
    130: {"hb":(160.963,145.123), "hs":(162.094,144.708), "cb":(968.330,994.810), "cs":(995.920,1001.840)},
    136: {"hb":(159.449,142.873), "hs":(158.893,145.692), "cb":(761.120,938.330), "cs":(784.810,807.040)},
    143: {"hb":(159.444,147.837), "hs":(161.444,149.244), "cb":(790.920,1059.250), "cs":(807.590,816.290)},
    150: {"hb":(161.148,131.211), "hs":(166.756,162.186), "cb":(900.740,852.220), "cs":(892.410,827.220)},
    157: {"hb":(165.660,145.795), "hs":(167.694,154.362), "cb":(891.110,927.960), "cs":(805.730,801.110)},
    164: {"hb":(172.628,160.622), "hs":(167.597,153.335), "cb":(1081.470,862.950), "cs":(831.660,823.700)},
    172: {"hb":(163.246,150.726), "hs":(165.329,154.987), "cb":(888.140,881.300), "cs":(865.000,816.110)},
    181: {"hb":(166.308,150.931), "hs":(170.250,201.067), "cb":(930.560,768.890), "cs":(843.150,818.330)},
    189: {"hb":(166.777,149.781), "hs":(170.689,160.010), "cb":(846.110,1137.400), "cs":(881.660,836.840)},
    199: {"hb":(168.398,146.002), "hs":(212.172,191.777), "cb":(848.890,859.070), "cs":(879.260,893.330)},
    208: {"hb":(168.561,156.820), "hs":(172.194,183.110), "cb":(1219.620,848.340), "cs":(838.890,825.180)},
    218: {"hb":(173.687,159.547), "hs":(174.417,157.839), "cb":(847.590,848.710), "cs":(978.510,991.840)},
    229: {"hb":(171.212,157.293), "hs":(174.001,166.697), "cb":(1287.950,1004.620), "cs":(840.550,862.960)},
    240: {"hb":(171.711,161.206), "hs":(172.074,166.509), "cb":(846.110,832.770), "cs":(847.410,1124.620)},
    252: {"hb":(176.675,159.562), "hs":(179.918,174.889), "cb":(885.370,893.690), "cs":(952.400,955.730)},
    264: {"hb":(169.417,165.904), "hs":(173.690,164.278), "cb":(901.300,883.510), "cs":(832.030,901.110)},
    277: {"hb":(169.601,155.414), "hs":(256.747,238.786), "cb":(1270.730,775.000), "cs":(963.510,909.810)},
    290: {"hb":(175.780,167.806), "hs":(175.489,168.093), "cb":(1182.770,831.290), "cs":(1029.630,903.880)},
    304: {"hb":(177.410,168.571), "hs":(176.800,162.156), "cb":(874.810,808.710), "cs":(892.410,845.740)},
    319: {"hb":(175.019,164.746), "hs":(179.050,163.126), "cb":(885.740,933.520), "cs":(899.070,909.620)},
    334: {"hb":(178.930,165.873), "hs":(182.392,162.003), "cb":(868.330,962.400), "cs":(1115.000,1179.430)},
    350: {"hb":(181.577,156.239), "hs":(185.335,189.868), "cb":(1210.730,1418.330), "cs":(952.590,936.660)},
    367: {"hb":(203.090,182.916), "hs":(182.726,174.050), "cb":(850.930,845.370), "cs":(1209.620,1236.290)},
    385: {"hb":(178.662,171.845), "hs":(264.014,250.040), "cb":(877.030,905.740), "cs":(1058.890,877.770)},
    403: {"hb":(178.823,169.766), "hs":(183.785,163.103), "cb":(888.330,1254.440), "cs":(923.150,933.700)},
    423: {"hb":(183.083,167.942), "hs":(185.169,172.786), "cb":(842.580,902.220), "cs":(1268.140,1022.220)},
    443: {"hb":(181.830,173.507), "hs":(183.263,181.197), "cb":(994.260,900.370), "cs":(1064.630,1050.740)},
    465: {"hb":(183.297,178.291), "hs":(192.977,182.189), "cb":(901.660,874.810), "cs":(931.480,919.250)},
    487: {"hb":(185.820,181.580), "hs":(185.811,163.932), "cb":(886.860,1245.370), "cs":(987.030,1048.880)},
    511: {"hb":(190.882,188.188), "hs":(186.232,182.357), "cb":(887.030,869.810), "cs":(926.660,934.250)},
    535: {"hb":(183.171,162.099), "hs":(183.017,178.553), "cb":(1195.000,1060.920), "cs":(982.030,1081.470)},
    561: {"hb":(183.925,178.875), "hs":(184.534,181.367), "cb":(1020.550,1000.920), "cs":(1487.580,1077.590)},
    588: {"hb":(186.512,173.686), "hs":(187.556,183.134), "cb":(1023.510,904.440), "cs":(1030.370,1380.360)},
    617: {"hb":(186.909,181.096), "hs":(188.741,187.398), "cb":(933.520,849.440), "cs":(941.100,1014.440)},
    647: {"hb":(186.035,187.743), "hs":(196.989,200.451), "cb":(906.660,862.210), "cs":(1255.360,1374.800)},
    678: {"hb":(186.740,184.655), "hs":(188.317,182.673), "cb":(916.110,905.370), "cs":(991.850,1144.060)},
    711: {"hb":(188.077,175.993), "hs":(191.323,186.728), "cb":(927.950,896.110), "cs":(937.580,980.360)},
    745: {"hb":(186.647,186.777), "hs":(185.495,177.944), "cb":(891.850,901.670), "cs":(1049.990,1294.250)},
    781: {"hb":(200.956,230.139), "hs":(189.432,186.445), "cb":(919.630,890.550), "cs":(907.780,1047.030)},
    819: {"hb":(188.616,175.114), "hs":(190.625,167.444), "cb":(959.250,911.660), "cs":(1228.320,1296.110)},
    858: {"hb":(190.257,177.116), "hs":(191.609,184.058), "cb":(940.550,917.400), "cs":(1077.210,954.990)},
    899: {"hb":(188.784,167.154), "hs":(191.106,170.568), "cb":(969.440,937.770), "cs":(976.100,991.850)},
    943: {"hb":(188.683,175.343), "hs":(191.915,186.774), "cb":(1111.660,935.180), "cs":(908.140,896.470)},
    988: {"hb":(190.277,188.285), "hs":(191.510,190.823), "cb":(933.140,1049.820), "cs":(1090.000,1030.740)},
    1036: {"hb":(190.077,187.589), "hs":(191.151,171.279), "cb":(894.060,1001.480), "cs":(881.660,923.700)},
    1086: {"hb":(210.255,216.003), "hs":(194.149,211.161), "cb":(919.070,1146.110), "cs":(941.100,915.000)},
    1138: {"hb":(197.466,193.196), "hs":(224.341,220.544), "cb":(1479.810,1553.510), "cs":(974.070,1037.220)},
    1193: {"hb":(194.167,177.033), "hs":(193.267,176.000), "cb":(953.520,944.250), "cs":(946.100,967.770)},
    1251: {"hb":(199.643,199.658), "hs":(195.656,196.336), "cb":(958.510,940.740), "cs":(1076.100,1048.880)},
    1311: {"hb":(193.319,189.575), "hs":(194.263,178.700), "cb":(950.170,918.140), "cs":(1037.210,1052.590)},
    1374: {"hb":(194.072,187.915), "hs":(199.206,177.559), "cb":(1045.550,1117.400), "cs":(927.960,927.220)},
    1441: {"hb":(202.947,206.894), "hs":(196.858,188.630), "cb":(861.480,859.260), "cs":(1082.030,966.290)},
    1510: {"hb":(196.758,195.870), "hs":(195.286,187.536), "cb":(1028.520,1123.880), "cs":(1104.990,1214.990)},
    1583: {"hb":(193.004,185.407), "hs":(195.945,187.365), "cb":(1016.660,945.370), "cs":(969.250,978.510)},
    1659: {"hb":(200.039,200.140), "hs":(202.261,193.847), "cb":(1024.630,1045.920), "cs":(1002.950,1002.400)},
    1739: {"hb":(200.887,192.358), "hs":(203.333,192.672), "cb":(1077.960,1037.770), "cs":(1008.700,984.070)},
    1823: {"hb":(201.204,199.349), "hs":(198.175,190.594), "cb":(1025.740,1206.290), "cs":(998.510,1021.290)},
    1911: {"hb":(303.527,290.166), "hs":(202.248,191.187), "cb":(1035.370,1057.400), "cs":(1006.480,1060.180)},
    2003: {"hb":(200.732,194.279), "hs":(227.649,213.196), "cb":(1021.850,1025.920), "cs":(1006.290,1024.990)},
    2100: {"hb":(281.786,278.578), "hs":(203.278,188.178), "cb":(1042.030,1058.520), "cs":(1059.440,1172.950)},
    2201: {"hb":(201.074,194.698), "hs":(213.855,205.973), "cb":(1025.370,1029.260), "cs":(1151.100,1024.810)},
    2307: {"hb":(204.847,194.554), "hs":(205.312,199.116), "cb":(1018.880,1036.110), "cs":(1022.030,1029.250)},
    2418: {"hb":(201.382,195.008), "hs":(302.848,289.088), "cb":(1072.030,1303.510), "cs":(1294.430,1043.140)},
    2535: {"hb":(201.512,195.594), "hs":(202.396,197.039), "cb":(1018.150,1051.110), "cs":(1062.220,1077.960)},
    2657: {"hb":(201.298,196.515), "hs":(209.269,204.095), "cb":(1322.220,1320.190), "cs":(1165.920,1049.630)},
    2785: {"hb":(207.314,195.734), "hs":(207.707,200.508), "cb":(1056.470,1046.100), "cs":(1474.430,1191.280)},
    2920: {"hb":(208.041,198.944), "hs":(208.770,197.306), "cb":(1524.620,1596.850), "cs":(1083.700,1358.320)},
    3061: {"hb":(214.582,196.931), "hs":(209.652,201.392), "cb":(1072.960,1038.700), "cs":(1018.330,1053.690)},
    3208: {"hb":(211.474,207.578), "hs":(212.256,198.263), "cb":(1054.060,1068.140), "cs":(1007.030,1004.620)},
    3363: {"hb":(210.904,196.275), "hs":(215.264,211.112), "cb":(1238.880,1076.100), "cs":(1026.110,1006.100)},
    3525: {"hb":(211.085,199.235), "hs":(212.321,198.588), "cb":(1032.780,1034.440), "cs":(1052.030,1232.960)},
    3695: {"hb":(213.733,207.415), "hs":(215.861,206.795), "cb":(1609.240,1528.880), "cs":(1304.250,1449.430)},
    3873: {"hb":(215.705,213.576), "hs":(215.221,210.213), "cb":(1066.110,1081.290), "cs":(1058.510,1046.110)},
    4060: {"hb":(212.031,205.526), "hs":(238.426,239.652), "cb":(1244.260,1182.030), "cs":(1113.140,1081.470)},
    4096: {"hb":(214.659,201.340), "hs":(210.510,205.392), "cb":(1174.440,1115.000), "cs":(1059.250,1022.590)},
}
